opponent,v3,Earl Bamber,0,1771612670727
Game,version,date,track,car,event,laptime [s],S1 [s],S2 [s],S3 [s],S4+ [s]
LMU,1.2,2026-02-20 18:37:50,Silverstone Grand Prix Circuit - ELMS,Cadillac Hertz Team Jota 2025 #38:LM (Hyper),Live,108.617,0,0,0
Tracklen [m],TotalLaps
5869.1,5
,
,
lapdistance [m],speed [m/s],throttle [%],brake [%],steer [%],gear [int],world_x [m],world_y [m],world_z [m]
27.0,72.11,92.4,0.0,0.3,6,29.660,0.566,847.932
27.0,72.27,92.4,0.0,0.4,6,33.963,0.603,848.428
27.0,72.36,92.4,0.0,0.3,6,36.836,0.628,848.758
41.5,72.51,92.5,0.0,0.2,6,41.154,0.663,849.251
41.5,72.60,92.5,0.0,0.2,6,44.038,0.687,849.579
41.5,72.75,92.5,0.0,0.3,6,48.370,0.726,850.068
41.5,72.84,92.5,0.0,0.2,6,51.263,0.752,850.393
56.0,72.98,92.6,0.0,0.1,6,55.611,0.793,850.878
56.0,73.12,92.6,0.0,0.1,6,59.967,0.832,851.360
56.0,73.22,92.6,0.0,0.2,6,62.876,0.860,851.680
56.0,73.36,92.7,0.0,0.2,6,67.246,0.902,852.159
70.7,73.44,92.7,0.0,0.2,6,70.165,0.930,852.478
70.7,73.59,92.7,0.0,0.1,6,74.550,0.971,852.954
70.7,73.69,92.7,0.0,-0.1,6,77.478,0.996,853.271
70.7,73.82,92.8,0.0,-0.1,6,81.877,1.032,853.746
85.4,73.90,92.8,0.0,-0.1,6,84.814,1.055,854.062
85.4,74.04,92.8,0.0,-0.1,6,89.226,1.090,854.535
85.4,74.13,92.9,0.0,0.0,6,92.172,1.113,854.851
85.4,74.26,92.9,0.0,0.0,6,96.598,1.146,855.326
100.2,74.35,92.9,0.0,0.0,6,99.553,1.167,855.643
100.2,74.47,93.0,0.0,0.1,6,103.992,1.199,856.119
100.2,74.57,93.0,0.0,0.3,6,106.955,1.221,856.437
100.2,74.69,93.0,0.0,0.5,6,111.407,1.253,856.913
115.1,74.77,93.0,0.0,0.6,6,114.380,1.275,857.230
115.1,74.90,93.1,0.0,0.4,6,118.845,1.306,857.704
115.1,75.04,93.1,0.0,0.2,6,123.318,1.335,858.174
115.1,75.12,93.1,0.0,0.1,6,126.305,1.351,858.486
130.0,75.25,93.1,0.0,0.2,6,130.792,1.376,858.951
130.0,75.33,93.2,0.0,0.3,6,133.787,1.392,859.259
130.0,75.45,93.2,0.0,0.4,6,138.287,1.423,859.719
130.0,75.54,93.2,0.0,0.3,6,141.291,1.445,860.024
145.2,75.66,93.2,0.0,0.2,6,145.803,1.475,860.480
145.2,75.75,93.2,0.0,0.1,6,148.816,1.494,860.782
145.2,75.86,93.3,0.0,0.1,6,153.341,1.522,861.233
145.2,75.94,93.3,0.0,0.1,6,156.362,1.540,861.532
160.3,76.06,93.3,0.0,0.2,6,160.900,1.565,861.978
160.3,76.14,93.3,0.0,0.2,6,163.929,1.583,862.275
160.3,76.26,93.4,0.0,0.2,6,168.479,1.612,862.718
160.3,76.37,93.4,0.0,0.1,6,173.035,1.641,863.160
175.6,76.45,93.5,0.0,0.0,6,176.077,1.662,863.454
175.6,76.56,93.5,0.0,-0.2,6,180.646,1.691,863.893
175.6,76.64,93.5,0.0,-0.5,6,183.696,1.711,864.186
175.6,76.67,68.4,0.0,-0.7,6,188.274,1.738,864.627
190.9,76.73,93.5,0.0,-0.7,6,191.328,1.758,864.922
190.9,76.60,0.0,0.0,-0.7,6,195.908,1.787,865.370
190.9,76.42,0.0,0.0,-0.4,6,198.954,1.806,865.672
190.9,76.15,0.0,0.0,-0.3,6,203.508,1.834,866.130
206.2,75.97,0.0,0.0,-0.4,6,206.535,1.852,866.438
206.2,75.71,0.0,0.0,-0.3,6,211.062,1.876,866.905
206.2,75.53,0.0,0.0,-0.0,6,214.071,1.894,867.218
206.2,75.26,0.0,0.0,0.3,6,218.570,1.924,867.690
221.3,75.09,0.0,0.0,0.3,6,221.561,1.944,868.005
221.3,74.83,0.0,0.0,0.4,6,226.034,1.975,868.475
221.3,74.56,0.0,0.0,0.4,6,230.492,2.004,868.940
221.3,74.39,0.0,0.0,0.6,6,233.456,2.026,869.246
236.2,74.13,0.0,0.0,0.9,6,237.889,2.058,869.698
236.2,73.96,0.0,0.0,0.9,6,240.836,2.078,869.994
236.2,73.71,0.0,0.0,1.1,6,245.245,2.104,870.431
236.2,73.55,0.0,0.0,1.5,6,248.177,2.120,870.715
251.0,73.30,0.0,0.0,2.1,6,252.563,2.145,871.131
251.0,73.07,0.0,44.5,2.6,6,255.480,2.160,871.399
251.0,72.11,0.0,76.0,2.8,6,259.823,2.183,871.785
251.0,71.27,0.0,83.8,2.5,6,262.682,2.197,872.029
265.5,69.93,0.0,89.7,2.9,6,266.908,2.220,872.369
265.5,69.02,0.0,92.3,3.2,6,269.680,2.234,872.577
265.5,67.59,0.0,91.6,3.4,6,273.771,2.253,872.860
265.5,66.64,0.0,91.4,3.6,6,276.453,2.263,873.027
279.2,65.25,35.4,92.5,3.6,0,280.406,2.278,873.241
304.0,58.81,0.0,4.4,11.0,5,308.526,2.403,873.001
304.0,58.63,0.0,4.0,12.4,5,310.866,2.418,872.798
315.6,58.37,0.0,3.9,12.6,5,314.358,2.441,872.443
315.6,58.12,1.2,0.2,11.2,5,317.828,2.462,872.027
315.6,57.98,3.7,0.5,12.2,5,320.129,2.475,871.713
315.6,57.75,0.0,8.3,12.8,5,323.562,2.495,871.186
327.1,57.53,0.0,11.2,12.5,5,325.835,2.507,870.797
327.1,57.15,0.0,18.0,10.8,5,329.217,2.525,870.159
327.1,56.84,0.0,22.2,9.6,5,331.450,2.536,869.696
327.1,56.36,0.0,8.7,7.7,5,334.763,2.552,868.947
338.5,56.15,8.6,0.4,7.2,5,336.948,2.564,868.412
362.3,55.93,51.1,0.0,25.2,5,362.381,2.693,859.557
362.3,56.02,82.5,0.0,24.9,5,365.417,2.711,858.124
362.3,56.09,71.7,0.0,25.2,5,367.425,2.722,857.127
374.0,56.11,55.2,0.0,27.6,5,370.408,2.738,855.568
374.0,56.13,63.3,0.0,30.0,5,372.375,2.750,854.487
374.0,56.21,70.1,0.0,34.3,5,375.295,2.767,852.805
374.0,56.21,48.5,0.0,37.1,5,377.220,2.778,851.643
386.0,56.15,38.2,0.0,41.7,5,380.072,2.795,849.845
386.0,56.10,44.7,0.0,44.4,5,381.948,2.805,848.612
386.0,56.01,30.5,0.0,47.6,5,384.724,2.819,846.712
386.0,55.91,26.0,0.0,48.8,5,386.546,2.829,845.411
397.7,55.74,23.6,0.0,49.0,5,389.234,2.845,843.412
397.7,55.62,22.0,0.0,48.4,5,390.994,2.855,842.047
397.7,55.43,26.1,0.0,47.0,5,393.584,2.871,839.952
409.4,55.27,25.7,0.0,46.2,5,396.114,2.887,837.800
409.4,55.14,20.1,0.0,46.0,5,397.767,2.897,836.335
409.4,54.95,19.9,0.0,45.7,5,400.190,2.914,834.091
409.4,54.82,19.0,0.0,45.6,5,401.770,2.925,832.566
420.5,54.62,18.4,0.0,45.5,5,404.085,2.941,830.237
420.5,54.48,19.6,0.0,45.3,5,405.591,2.951,828.658
420.5,54.31,21.9,0.0,44.1,5,407.796,2.965,826.252
420.5,54.21,32.3,0.0,42.9,5,409.229,2.974,824.622
431.4,54.09,27.5,0.0,41.2,5,411.327,2.985,822.140
431.4,53.99,28.5,0.0,39.2,5,412.690,2.991,820.462
431.4,53.88,36.1,0.0,34.8,5,414.676,3.002,817.908
431.4,53.84,43.8,0.0,32.2,5,415.962,3.011,816.179
463.2,55.27,88.1,0.0,7.5,5,429.338,3.144,793.784
463.2,55.42,88.2,0.0,8.1,5,430.295,3.161,791.788
463.2,55.66,87.9,0.0,9.4,5,431.697,3.186,788.766
463.2,55.82,88.1,0.0,8.8,5,432.611,3.201,786.732
474.2,56.06,88.5,0.0,6.9,5,433.948,3.224,783.655
474.2,56.21,88.6,0.0,6.9,5,434.817,3.241,781.585
474.2,56.45,88.0,0.0,6.9,5,436.089,3.264,778.454
474.2,56.62,87.5,0.0,6.7,5,436.917,3.280,776.349
485.4,56.84,88.7,0.0,6.2,5,438.130,3.303,773.169
485.4,57.09,89.0,0.0,5.6,5,439.307,3.328,769.960
485.4,57.21,89.2,0.0,5.9,5,440.072,3.346,767.806
485.4,57.49,89.1,0.0,5.3,5,441.190,3.373,764.552
496.7,57.63,89.3,0.0,5.2,5,441.915,3.393,762.368
496.7,57.86,81.5,0.0,4.9,5,442.975,3.419,759.070
496.7,57.99,74.2,0.0,4.9,5,443.662,3.436,756.858
496.7,58.16,87.1,0.0,5.2,5,444.662,3.460,753.522
508.1,58.32,89.5,0.0,4.3,5,445.310,3.476,751.285
508.1,58.53,89.6,0.0,2.8,5,446.253,3.502,747.908
508.1,58.68,89.3,0.0,3.4,5,446.864,3.518,745.645
508.1,58.95,89.1,0.0,4.0,5,447.758,3.542,742.231
519.7,59.12,89.5,0.0,4.3,5,448.339,3.557,739.943
519.7,59.36,89.8,0.0,5.2,5,449.186,3.582,736.492
519.7,59.50,89.9,0.0,5.3,5,449.735,3.598,734.180
519.7,59.74,90.0,0.0,5.0,5,450.530,3.624,730.693
531.5,59.97,90.1,0.0,5.6,5,451.291,3.652,727.184
531.5,60.13,90.1,0.0,5.6,5,451.780,3.670,724.832
531.5,60.36,90.2,0.0,4.7,5,452.483,3.699,721.287
531.5,60.51,90.3,0.0,4.4,5,452.933,3.719,718.913
543.5,60.75,90.3,0.0,3.5,5,453.580,3.747,715.333
543.5,60.89,90.4,0.0,2.9,5,453.995,3.763,712.936
543.5,61.14,90.4,0.0,2.3,5,454.592,3.787,709.325
543.5,61.29,90.5,0.0,2.3,5,454.974,3.805,706.907
555.7,61.52,90.6,0.0,2.5,5,455.531,3.835,703.266
555.7,61.67,90.6,0.0,1.8,5,455.892,3.854,700.829
555.7,61.91,90.7,0.0,1.2,5,456.420,3.884,697.159
555.7,62.06,90.7,0.0,0.9,5,456.764,3.905,694.704
567.9,62.30,90.8,0.0,0.7,5,457.270,3.938,691.009
567.9,62.45,90.9,0.0,0.7,5,457.602,3.959,688.536
567.9,62.67,90.9,0.0,0.9,5,458.095,3.991,684.816
580.3,62.91,91.0,0.0,1.0,5,458.581,4.024,681.081
580.3,63.05,91.0,0.0,1.1,5,458.902,4.046,678.582
580.3,63.28,91.1,0.0,1.1,5,459.377,4.078,674.822
580.3,63.43,91.1,0.0,1.0,5,459.690,4.099,672.308
592.9,63.66,91.2,0.0,1.0,5,460.153,4.131,668.524
592.9,63.80,91.2,0.0,1.1,5,460.458,4.152,665.994
592.9,64.02,91.3,0.0,1.1,5,460.907,4.183,662.186
592.9,64.17,91.3,0.0,1.2,5,461.202,4.204,659.639
605.6,64.38,91.4,0.0,1.3,5,461.636,4.236,655.808
605.6,64.52,91.5,0.0,1.4,5,461.920,4.258,653.246
605.6,64.74,91.5,0.0,1.5,5,462.338,4.291,649.391
605.6,64.88,91.5,0.0,1.4,5,462.611,4.312,646.813
618.5,65.09,91.6,0.0,1.4,5,463.011,4.344,642.935
618.5,65.23,91.7,0.0,1.4,5,463.271,4.365,640.342
618.5,65.44,91.7,0.0,1.4,5,463.652,4.396,636.441
618.5,65.65,91.8,0.0,1.2,5,464.020,4.429,632.526
631.6,65.79,91.8,0.0,1.2,5,464.258,4.450,629.909
631.6,65.99,91.9,0.0,1.3,5,464.605,4.481,625.971
631.6,66.12,91.9,0.0,1.1,5,464.830,4.502,623.339
631.6,66.33,92.0,0.0,1.1,5,465.157,4.532,619.380
644.8,66.46,92.0,0.0,1.1,5,465.368,4.553,616.733
644.8,66.66,92.1,0.0,0.9,5,465.676,4.585,612.752
644.8,66.79,92.1,0.0,0.8,5,465.876,4.606,610.090
644.8,66.99,92.2,0.0,0.6,5,466.166,4.638,606.088
658.2,67.12,92.2,0.0,0.6,5,466.355,4.659,603.413
658.2,67.32,92.2,0.0,0.3,5,466.631,4.690,599.390
658.2,67.45,92.3,0.0,-0.0,5,466.812,4.710,596.701
658.2,67.64,92.3,0.0,-0.8,5,467.081,4.742,592.658
671.7,67.76,92.4,0.0,-1.2,5,467.261,4.762,589.956
671.7,67.95,92.4,0.0,-0.9,5,467.536,4.791,585.895
671.7,68.14,92.5,0.0,-0.0,5,467.819,4.818,581.822
671.7,68.27,92.5,0.0,0.8,5,468.011,4.835,579.101
685.3,68.45,92.5,0.0,1.3,5,468.303,4.859,575.010
685.3,68.57,92.6,0.0,0.8,5,468.498,4.874,572.277
685.3,68.75,92.6,0.0,1.2,5,468.784,4.893,568.167
685.3,68.88,92.6,0.0,0.5,5,468.970,4.905,565.421
699.1,69.05,92.7,0.0,-0.0,5,469.242,4.921,561.293
699.1,69.17,92.7,0.0,0.8,5,469.418,4.932,558.534
699.1,69.34,92.8,0.0,1.0,5,469.678,4.947,554.387
699.1,69.47,92.8,0.0,0.3,5,469.847,4.956,551.616
713.0,69.64,92.9,0.0,-0.6,5,470.097,4.968,547.451
713.0,69.76,92.9,0.0,-0.4,5,470.261,4.974,544.668
713.0,69.92,92.9,0.0,-0.1,5,470.506,4.982,540.486
713.0,69.96,0.0,0.0,-0.2,0,470.669,4.986,537.692
727.0,69.95,92.1,0.0,0.3,6,470.913,4.990,533.504
727.0,70.11,92.1,0.0,0.9,6,471.156,4.994,529.309
727.0,70.23,92.2,0.0,1.0,6,471.317,4.995,526.507
727.0,70.39,92.2,0.0,0.7,6,471.555,4.992,522.296
741.1,70.50,92.2,0.0,0.4,6,471.709,4.990,519.482
741.1,70.66,92.3,0.0,0.1,6,471.936,4.985,515.254
741.1,70.77,92.3,0.0,0.1,6,472.084,4.980,512.429
741.1,70.94,92.3,0.0,0.2,6,472.303,4.973,508.184
755.3,71.04,92.3,0.0,0.2,6,472.447,4.965,505.349
755.3,71.21,92.4,0.0,0.2,6,472.662,4.952,501.087
755.3,71.31,92.4,0.0,0.2,6,472.804,4.941,498.241
755.3,71.47,92.4,0.0,0.1,6,473.015,4.921,493.963
769.6,71.58,92.5,0.0,0.1,6,473.154,4.907,491.106
769.6,71.73,92.5,0.0,0.1,6,473.362,4.882,486.812
769.6,71.89,92.6,0.0,0.2,6,473.567,4.858,482.508
769.6,72.00,92.6,0.0,0.5,6,473.703,4.842,479.634
784.0,72.14,92.6,0.0,-0.5,6,473.904,4.820,475.315
784.0,72.24,92.6,0.0,-0.9,6,474.037,4.808,472.431
784.0,72.40,92.7,0.0,-1.7,6,474.238,4.790,468.096
784.0,72.50,92.7,0.0,-2.1,6,474.377,4.778,465.202
798.4,72.66,92.7,0.0,-2.6,6,474.595,4.759,460.853
798.4,72.75,92.8,0.0,-3.0,6,474.751,4.747,457.949
798.4,72.89,92.8,0.0,-4.0,6,475.007,4.730,453.588
798.4,72.99,92.8,0.0,-3.9,6,475.195,4.716,450.676
812.9,73.13,92.8,0.0,-4.0,6,475.507,4.692,446.304
812.9,73.22,92.9,0.0,-4.2,6,475.739,4.678,443.386
812.9,73.36,92.9,0.0,-5.7,6,476.122,4.656,439.006
812.9,73.45,92.9,0.0,-6.2,6,476.401,4.636,436.084
827.5,73.57,93.0,0.0,-6.3,6,476.865,4.608,431.698
827.5,73.69,93.0,0.0,-6.5,6,477.390,4.587,427.312
827.5,73.76,93.0,0.0,-7.0,6,477.773,4.575,424.388
842.2,73.89,93.0,0.0,-6.8,6,478.400,4.554,420.003
842.2,73.97,93.1,0.0,-6.7,6,478.855,4.542,417.081
842.2,74.08,93.1,0.0,-7.3,6,479.595,4.525,412.703
842.2,74.15,93.1,0.0,-8.0,6,480.126,4.515,409.786
856.9,74.26,93.1,0.0,-8.5,6,480.980,4.498,405.417
856.9,74.33,93.2,0.0,-8.7,6,481.588,4.486,402.508
856.9,74.43,93.2,0.0,-8.9,6,482.556,4.465,398.152
856.9,74.51,93.2,0.0,-8.8,6,483.242,4.449,395.253
871.6,74.61,93.2,0.0,-10.5,6,484.329,4.418,390.914
871.6,74.64,51.7,0.0,-10.8,6,485.093,4.393,388.028
871.6,74.40,0.0,0.0,-11.4,6,486.300,4.350,383.722
871.6,74.20,0.0,0.0,-10.5,6,487.146,4.319,380.872
886.3,73.90,0.0,0.0,-7.2,6,488.478,4.269,376.634
886.3,73.61,0.0,0.0,-4.7,6,489.887,4.217,372.438
886.3,73.43,0.0,0.0,-4.0,6,490.869,4.181,369.666
886.3,73.15,0.0,0.0,-4.4,6,492.402,4.126,365.544
901.3,72.97,0.0,0.0,-5.7,6,493.461,4.089,362.821
901.3,72.70,0.0,0.0,-6.5,6,495.104,4.035,358.771
901.3,72.53,0.0,0.0,-5.3,6,496.230,3.999,356.094
901.3,72.29,0.0,0.0,-1.7,6,497.962,3.945,352.109
916.1,72.13,0.0,0.0,1.0,6,499.139,3.909,349.472
916.1,71.90,0.0,0.0,2.9,6,500.931,3.859,345.540
916.1,71.75,0.0,0.0,2.9,6,502.131,3.826,342.929
916.1,71.53,0.0,0.0,3.4,6,503.921,3.771,339.022
930.9,71.37,0.0,0.0,3.6,6,505.102,3.731,336.419
930.9,71.13,0.0,0.0,4.5,6,506.845,3.673,332.515
930.9,70.89,0.0,0.0,5.2,6,508.545,3.621,328.608
930.9,70.73,0.0,0.0,6.0,6,509.653,3.592,326.001
945.4,70.50,0.0,0.0,7.2,6,511.273,3.552,322.086
945.4,70.35,0.0,0.0,7.7,6,512.322,3.526,319.472
945.4,70.10,0.0,0.0,8.0,6,513.844,3.491,315.542
945.4,69.91,0.0,20.3,7.3,6,514.821,3.469,312.917
959.4,69.23,0.0,58.2,7.3,6,516.225,3.439,308.982
959.4,68.55,0.0,65.0,7.0,6,517.115,3.422,306.372
959.4,67.50,0.0,57.4,5.3,6,518.376,3.403,302.489
959.4,66.86,0.0,50.5,5.2,6,519.169,3.393,299.919
972.6,65.97,0.0,38.6,6.2,6,520.288,3.379,296.094
972.6,65.23,0.0,32.1,6.2,6,521.323,3.365,292.296
972.6,64.78,0.0,15.8,6.4,6,521.965,3.355,289.775
972.6,64.40,0.0,0.0,7.3,6,522.860,3.339,286.006
985.4,64.23,0.0,0.0,8.9,6,523.412,3.326,283.493
985.4,63.98,0.0,0.0,11.1,6,524.173,3.308,279.722
985.4,63.81,0.0,0.7,12.9,6,524.634,3.297,277.208
985.4,63.55,0.0,0.8,11.6,6,525.256,3.284,273.437
998.6,63.38,0.0,0.0,10.9,6,525.625,3.276,270.925
998.6,63.13,0.0,4.7,9.2,6,526.114,3.265,267.161
998.6,62.96,0.0,1.3,8.9,6,526.392,3.264,264.654
998.6,62.72,0.0,0.0,8.1,6,526.760,3.249,260.902
1012.8,62.43,0.0,0.0,9.8,6,527.048,3.234,257.157
1012.8,62.26,34.8,0.0,9.7,0,527.178,3.243,254.666
1012.8,62.08,0.0,0.0,10.6,5,527.324,3.243,250.938
1012.8,61.92,0.0,0.0,12.3,5,527.389,3.230,248.458
1051.3,60.31,90.3,0.0,11.6,5,525.330,3.270,220.554
1051.3,60.46,71.2,0.0,8.6,5,524.700,3.287,216.987
1051.3,60.44,27.6,0.0,8.8,5,524.232,3.301,214.614
1063.2,60.22,0.0,0.0,9.4,5,523.463,3.326,211.076
1063.2,60.07,0.0,0.0,8.7,5,522.911,3.344,208.734
1063.2,59.84,0.0,0.0,6.8,5,522.029,3.373,205.246
1063.2,59.70,0.0,0.0,5.0,5,521.409,3.392,202.937
1075.1,59.49,0.0,0.0,1.7,5,520.438,3.422,199.495
1075.1,59.37,0.0,0.0,-0.1,5,519.769,3.442,197.214
1075.1,59.18,0.0,0.0,-0.8,5,518.743,3.472,193.809
1075.1,59.04,0.0,0.0,-0.8,5,518.052,3.492,191.548
1087.0,58.91,47.9,0.0,-1.6,5,517.013,3.520,188.166
1087.0,59.04,90.2,0.0,-2.4,5,516.322,3.538,185.911
1087.0,59.28,90.3,0.0,-3.6,5,515.290,3.564,182.516
1087.0,59.53,90.4,0.0,-4.5,5,514.269,3.588,179.101
1099.0,59.59,62.2,0.0,-5.3,5,513.600,3.602,176.815
1099.0,59.50,0.0,0.0,-6.0,5,512.619,3.621,173.378
1099.0,59.37,0.0,0.0,-6.4,5,511.986,3.633,171.086
1099.0,59.05,0.0,29.0,-6.9,5,511.072,3.651,167.651
1110.9,58.64,0.0,45.1,-7.0,5,510.489,3.661,165.369
1110.9,57.81,0.0,54.7,-4.9,5,509.659,3.675,161.972
1110.9,57.22,0.0,54.0,-4.3,5,509.138,3.684,159.730
1110.9,56.30,0.0,57.4,-2.7,5,508.404,3.698,156.402
1122.5,55.66,0.0,55.2,-2.2,5,507.949,3.708,154.209
1122.5,54.78,0.0,47.7,-5.4,5,507.312,3.724,150.956
1122.5,54.24,0.0,38.8,-6.8,5,506.919,3.734,148.811
1122.5,53.60,0.0,23.2,-8.8,5,506.378,3.748,145.621
1133.6,53.29,0.0,13.0,-10.4,5,506.049,3.756,143.508
1133.6,52.97,0.0,4.1,-12.3,5,505.606,3.765,140.352
1133.6,52.74,0.0,0.5,-14.2,5,505.226,3.771,137.203
1133.6,52.61,0.0,0.8,-15.3,5,505.009,3.773,135.107
1144.9,52.42,40.4,1.6,-16.8,0,504.740,3.773,131.967
1144.9,52.31,0.0,0.3,-18.1,4,504.597,3.771,129.877
1144.9,52.08,0.0,0.5,-19.4,4,504.438,3.759,126.749
1144.9,51.90,0.0,0.0,-18.0,4,504.373,3.750,124.670
1155.8,51.65,0.8,0.0,-14.8,4,504.343,3.738,121.563
1155.8,51.51,9.5,0.0,-13.2,4,504.370,3.732,119.500
1155.8,51.32,22.7,0.0,-10.6,4,504.485,3.732,116.417
1155.8,51.28,26.0,0.0,-9.5,4,504.598,3.727,114.369
1166.6,51.14,17.8,0.0,-9.8,4,504.836,3.720,111.304
1166.6,51.03,18.0,0.0,-9.8,4,505.037,3.716,109.271
1166.6,50.89,24.8,0.0,-8.4,4,505.401,3.705,106.234
1166.6,50.81,28.3,0.0,-9.4,4,505.694,3.705,104.221
1177.4,50.72,16.1,0.3,-11.7,4,506.183,3.692,101.214
1177.4,50.48,11.4,0.0,-13.3,4,506.742,3.674,98.229
1177.4,50.36,23.4,0.0,-13.1,4,507.167,3.670,96.258
1177.4,50.29,23.0,0.0,-14.7,4,507.850,3.650,93.316
1188.1,50.20,11.5,0.0,-16.0,4,508.340,3.631,91.367
1188.1,49.98,18.7,0.0,-17.5,4,509.144,3.606,88.472
1188.1,49.88,15.4,0.0,-20.5,4,509.724,3.590,86.560
1188.1,49.73,17.3,0.0,-26.7,4,510.649,3.562,83.719
1198.6,49.62,14.1,0.0,-31.4,4,511.303,3.539,81.843
1198.6,49.47,16.4,0.0,-39.9,4,512.339,3.502,79.056
1198.6,49.36,15.3,0.0,-44.7,4,513.064,3.476,77.218
1198.6,49.20,15.7,0.0,-50.2,4,514.202,3.434,74.488
1208.8,49.10,16.7,0.0,-51.6,4,514.994,3.405,72.689
1208.8,48.94,20.3,0.0,-50.1,4,516.232,3.361,70.021
1208.8,48.86,28.7,0.0,-47.1,4,517.093,3.333,68.266
1208.8,48.80,41.1,0.0,-41.4,4,518.443,3.293,65.666
1218.8,48.74,32.3,0.0,-38.3,4,519.863,3.258,63.107
1218.8,48.72,43.2,0.0,-34.0,4,520.848,3.238,61.425
1218.8,48.83,74.5,0.0,-22.9,4,522.381,3.209,58.935
1218.8,48.97,63.2,0.0,-14.8,4,523.441,3.190,57.291
1228.5,49.04,32.7,14.8,-4.6,4,525.085,3.162,54.853
1228.5,48.82,2.7,48.5,3.1,4,526.210,3.145,53.249
1228.5,47.99,0.0,63.8,12.1,4,527.908,3.119,50.890
1228.5,47.32,0.0,69.1,14.3,4,529.027,3.101,49.345
1238.2,46.26,0.0,75.9,13.6,4,530.666,3.074,47.062
1238.2,45.52,0.0,79.8,12.3,4,531.724,3.057,45.560
1238.2,44.42,29.8,78.2,9.9,0,533.251,3.031,43.334
1238.2,43.70,0.0,54.8,8.3,3,534.229,3.015,41.866
1247.2,42.89,0.0,19.6,5.5,3,535.635,2.989,39.682
1247.2,42.57,0.0,7.9,3.8,3,536.532,2.971,38.227
1247.2,42.27,0.0,0.5,2.7,3,537.819,2.942,36.032
1255.7,42.06,4.9,0.0,6.8,3,539.037,2.912,33.815
1255.7,41.95,9.9,0.0,11.7,3,539.810,2.891,32.323
1255.7,41.84,13.6,0.0,20.6,3,540.912,2.858,30.065
1255.7,41.76,11.7,0.0,26.6,3,541.611,2.836,28.546
1264.1,41.63,7.6,0.0,33.1,3,542.607,2.801,26.251
1264.1,41.55,18.6,0.0,35.4,3,543.236,2.777,24.711
1264.1,41.55,45.0,0.0,35.6,3,544.127,2.740,22.384
1264.1,41.66,58.6,0.0,34.5,3,544.684,2.716,20.816
1272.7,41.85,57.2,0.0,33.9,3,545.467,2.681,18.437
1272.7,41.95,50.4,0.0,34.5,3,545.952,2.657,16.833
1272.7,42.05,43.3,0.0,36.1,3,546.624,2.620,14.405
1272.7,42.08,35.5,0.0,38.1,3,547.033,2.594,12.773
1281.8,42.06,29.2,0.0,41.1,3,547.587,2.555,10.310
1281.8,42.02,29.9,0.0,42.0,3,547.915,2.529,8.661
1281.8,42.02,33.5,0.0,43.9,3,548.345,2.491,6.177
1281.8,42.01,29.9,0.0,47.2,3,548.703,2.451,3.682
1290.8,41.99,27.6,0.0,49.9,3,548.904,2.423,2.014
1290.8,41.91,21.7,0.0,53.8,3,549.146,2.381,-0.491
1290.8,41.84,18.0,0.0,55.7,3,549.268,2.352,-2.162
1290.8,41.71,18.4,0.0,57.1,3,549.393,2.309,-4.665
1299.8,41.62,18.8,0.0,57.0,3,549.435,2.280,-6.331
1299.8,41.52,22.7,0.0,56.6,3,549.441,2.235,-8.825
1299.8,41.48,30.8,0.0,57.3,3,549.405,2.205,-10.484
1299.8,41.44,29.6,0.0,58.6,3,549.294,2.158,-12.968
1308.4,41.39,23.1,0.0,59.9,3,549.180,2.127,-14.621
1308.4,41.27,18.2,0.0,61.5,3,548.947,2.082,-17.090
1308.4,41.18,15.2,0.0,62.0,3,548.752,2.053,-18.727
1308.4,41.04,21.1,0.0,61.8,3,548.399,2.011,-21.168
1317.5,40.90,15.7,0.0,59.5,3,547.973,1.972,-23.589
1317.5,40.79,16.2,0.0,57.1,3,547.650,1.946,-25.190
1317.5,40.65,18.0,0.0,52.5,3,547.102,1.910,-27.571
1317.5,40.56,19.6,0.0,49.2,3,546.695,1.888,-29.143
1326.4,40.46,25.1,0.0,43.5,3,546.022,1.857,-31.478
1326.4,40.46,45.3,0.0,39.4,3,545.278,1.826,-33.788
1326.4,40.54,52.7,0.0,37.2,3,544.743,1.805,-35.317
1326.4,40.75,70.7,0.0,34.6,3,543.883,1.773,-37.597
1335.2,40.95,81.5,0.0,32.7,3,543.269,1.751,-39.111
1335.2,41.30,83.0,0.0,29.0,3,542.289,1.720,-41.374
1335.2,41.54,86.1,0.0,25.1,3,541.594,1.700,-42.877
1335.2,41.92,87.2,0.0,17.7,3,540.489,1.673,-45.122
1343.7,42.18,86.3,0.0,12.9,3,539.712,1.655,-46.613
1343.7,42.56,82.6,0.0,7.4,3,538.488,1.629,-48.840
1343.7,42.93,87.3,0.0,3.9,3,537.195,1.602,-51.054
1343.7,43.20,87.7,0.0,2.7,3,536.295,1.585,-52.522
1352.6,43.62,87.8,0.0,3.7,3,534.889,1.562,-54.713
1352.6,43.91,87.9,0.0,5.3,3,533.916,1.546,-56.168
1352.6,44.34,88.0,0.0,8.7,3,532.408,1.524,-58.343
1352.6,44.62,88.1,0.0,10.7,3,531.373,1.509,-59.790
1361.6,45.03,88.3,0.0,12.8,3,529.780,1.486,-61.955
1361.6,45.30,88.4,0.0,12.7,3,528.689,1.470,-63.395
1361.6,45.71,88.6,0.0,11.8,3,527.011,1.443,-65.547
1361.6,45.96,88.7,0.0,11.1,3,525.863,1.424,-66.976
1370.6,46.36,88.8,0.0,9.7,3,524.095,1.393,-69.107
1370.6,46.62,88.9,0.0,9.3,3,522.886,1.371,-70.519
1370.6,47.02,89.1,0.0,9.2,3,521.026,1.338,-72.623
1370.6,47.27,89.2,0.0,9.1,3,519.756,1.314,-74.015
1379.8,47.51,32.1,0.0,12.7,3,517.806,1.278,-76.086
1379.8,47.44,18.0,0.0,15.9,3,515.813,1.240,-78.122
1379.8,47.44,55.9,0.0,17.0,3,514.465,1.213,-79.456
1389.1,47.76,89.4,0.0,16.8,3,512.402,1.172,-81.428
1389.1,48.00,89.5,0.0,15.9,3,510.996,1.146,-82.728
1389.1,48.35,89.6,0.0,13.7,3,508.838,1.109,-84.650
1389.1,48.59,89.7,0.0,12.9,3,507.368,1.086,-85.913
1398.5,48.94,89.9,0.0,12.1,3,505.116,1.051,-87.779
1398.5,49.17,90.0,0.0,11.6,0,503.585,1.026,-89.006
1398.5,49.13,88.2,0.0,10.2,4,501.254,0.984,-90.812
1398.5,49.34,88.5,0.0,8.4,4,499.677,0.955,-91.991
1408.2,49.67,88.5,0.0,4.1,4,497.269,0.910,-93.728
1408.2,49.90,88.6,0.0,2.5,4,495.636,0.880,-94.867
1408.2,50.24,88.7,0.0,1.9,4,493.151,0.836,-96.553
1408.2,50.47,88.7,0.0,2.5,4,491.472,0.808,-97.665
1418.1,50.82,88.9,0.0,2.8,4,488.928,0.768,-99.325
1418.1,51.16,89.0,0.0,1.5,4,486.356,0.731,-100.979
1418.1,51.39,89.1,0.0,0.3,4,484.627,0.707,-102.081
1418.1,51.73,89.2,0.0,-0.9,4,482.014,0.673,-103.737
1428.4,51.95,89.3,0.0,-1.3,4,480.262,0.651,-104.844
1428.4,52.30,89.4,0.0,-1.9,4,477.619,0.618,-106.514
1428.4,52.51,89.5,0.0,-2.6,4,475.849,0.597,-107.636
1428.4,52.86,89.5,0.0,-4.8,4,473.184,0.565,-109.333
1439.0,53.04,89.7,0.0,-5.0,4,471.403,0.545,-110.479
1461.5,55.46,90.5,0.0,-9.2,4,450.128,0.327,-125.493
1461.5,55.62,90.6,0.0,-8.6,4,448.395,0.311,-126.884
1461.5,55.89,90.7,0.0,-9.0,4,445.819,0.291,-129.017
1473.0,56.10,90.8,0.0,-9.0,4,444.115,0.277,-130.470
1473.0,56.38,90.8,0.0,-10.1,4,441.580,0.258,-132.697
1473.0,56.65,90.9,0.0,-8.8,4,439.075,0.243,-134.982
1473.0,56.83,90.9,0.0,-8.0,4,437.422,0.236,-136.536
1484.8,57.11,91.0,0.0,-7.9,4,434.966,0.228,-138.913
1484.8,57.30,91.0,0.0,-8.3,4,433.343,0.223,-140.525
1484.8,57.57,91.1,0.0,-8.4,4,430.928,0.216,-142.983
1484.8,57.75,91.2,0.0,-7.9,4,429.332,0.210,-144.647
1496.6,58.02,91.3,0.0,-7.0,4,426.961,0.203,-147.184
1496.6,58.19,91.4,0.0,-6.8,4,425.395,0.199,-148.901
1496.6,58.47,91.4,0.0,-6.5,4,423.069,0.194,-151.517
1496.6,58.64,91.5,0.0,-6.4,4,421.535,0.194,-153.285
1508.4,58.90,91.6,0.0,-6.9,4,419.256,0.198,-155.976
1508.4,59.07,91.6,0.0,-7.4,4,417.751,0.201,-157.793
1508.4,59.34,91.7,0.0,-6.9,4,415.515,0.202,-160.552
1544.1,61.09,91.0,0.0,-3.3,5,397.460,0.084,-186.030
1544.1,61.24,91.0,0.0,-3.1,5,396.157,0.070,-188.101
1544.1,61.48,91.1,0.0,-3.1,5,394.221,0.049,-191.232
1556.3,61.64,91.1,0.0,-3.1,5,392.940,0.037,-193.334
1556.3,61.88,91.2,0.0,-2.6,5,391.031,0.022,-196.510
1556.3,62.12,91.2,0.0,-2.0,5,389.137,0.009,-199.710
1556.3,62.27,91.3,0.0,-1.9,5,387.881,0.001,-201.857
1568.7,62.51,91.3,0.0,-1.8,5,386.005,-0.008,-205.096
1568.7,62.66,91.4,0.0,-1.6,5,384.759,-0.013,-207.267
1568.7,62.89,91.5,0.0,-1.4,5,382.896,-0.019,-210.541
1568.7,63.04,91.5,0.0,-1.1,5,381.659,-0.022,-212.734
1581.2,63.28,91.6,0.0,-0.7,5,379.806,-0.026,-216.040
1581.2,63.44,91.6,0.0,-1.1,5,378.573,-0.029,-218.254
1581.2,63.67,91.6,0.0,-1.5,5,376.724,-0.032,-221.588
1581.2,63.81,91.7,0.0,-1.6,5,375.493,-0.033,-223.820
1593.9,64.04,91.7,0.0,-1.2,5,373.648,-0.034,-227.183
1593.9,64.19,91.8,0.0,-0.9,5,372.420,-0.035,-229.434
1593.9,64.41,91.8,0.0,-0.8,5,370.582,-0.037,-232.826
1593.9,64.63,91.9,0.0,-0.9,5,368.747,-0.041,-236.234
1606.8,64.78,91.9,0.0,-1.1,5,367.524,-0.046,-238.515
1606.8,65.00,92.0,0.0,-1.0,5,365.693,-0.055,-241.950
1606.8,65.14,92.0,0.0,-1.0,5,364.473,-0.061,-244.249
1606.8,65.36,92.1,0.0,-1.1,5,362.646,-0.073,-247.712
1619.8,65.50,92.1,0.0,-1.2,5,361.430,-0.081,-250.029
1619.8,65.72,92.2,0.0,-1.3,5,359.610,-0.095,-253.519
1619.8,65.85,92.2,0.0,-1.3,5,358.398,-0.105,-255.854
1619.8,66.06,92.2,0.0,-1.2,5,356.585,-0.120,-259.371
1632.9,66.20,92.3,0.0,-1.2,5,355.379,-0.130,-261.725
1632.9,66.40,92.4,0.0,-1.2,5,353.574,-0.147,-265.270
1632.9,66.54,92.4,0.0,-1.1,5,352.374,-0.157,-267.642
1632.9,66.75,92.4,0.0,-0.8,5,350.576,-0.174,-271.214
1646.2,66.89,92.4,0.0,-0.5,5,349.380,-0.185,-273.604
1646.2,67.09,92.5,0.0,-0.3,5,347.589,-0.201,-277.202
1646.2,67.30,92.6,0.0,-0.3,5,345.800,-0.217,-280.815
1646.2,67.44,92.6,0.0,-0.5,5,344.608,-0.229,-283.231
1659.6,67.63,92.6,0.0,-0.5,5,342.818,-0.248,-286.866
1659.6,67.77,92.7,0.0,-0.4,5,341.625,-0.262,-289.297
1659.6,67.96,92.7,0.0,-0.1,5,339.834,-0.284,-292.953
1659.6,68.09,92.7,0.0,-0.0,5,338.639,-0.299,-295.397
1673.2,68.28,92.8,0.0,0.0,5,336.845,-0.322,-299.073
1673.2,68.41,92.9,0.0,0.0,5,335.647,-0.341,-301.530
1673.2,68.59,92.9,0.0,-0.0,5,333.846,-0.366,-305.224
1673.2,68.71,92.9,0.0,-0.1,5,332.644,-0.379,-307.692
1686.9,68.91,92.9,0.0,-0.1,5,330.836,-0.400,-311.404
1686.9,69.03,93.0,0.0,-0.1,5,329.628,-0.416,-313.883
1686.9,69.21,93.0,0.0,0.0,5,327.812,-0.440,-317.612
1686.9,69.33,93.1,0.0,0.0,5,326.599,-0.457,-320.103
1700.7,69.51,93.1,0.0,-0.0,5,324.776,-0.481,-323.847
1700.7,69.69,93.2,0.0,-0.0,5,322.948,-0.504,-327.601
1700.7,69.81,93.2,0.0,-0.1,5,321.727,-0.520,-330.110
1714.6,69.79,0.0,0.0,-0.1,0,319.894,-0.544,-333.878
1714.6,69.84,92.3,0.0,-0.1,6,318.673,-0.560,-336.388
1714.6,70.01,92.4,0.0,-0.1,6,316.839,-0.584,-340.161
1714.6,70.12,92.4,0.0,-0.1,6,315.614,-0.600,-342.681
1728.6,70.29,92.4,0.0,-0.1,6,313.774,-0.624,-346.469
1728.6,70.40,92.5,0.0,-0.1,6,312.545,-0.640,-349.000
1728.6,70.57,92.5,0.0,-0.2,6,310.699,-0.665,-352.805
1728.6,70.68,92.5,0.0,-0.1,6,309.467,-0.682,-355.347
1771.3,71.97,92.8,0.0,-0.0,6,294.574,-0.924,-386.173
1771.3,72.13,92.8,0.0,-0.0,6,292.699,-0.956,-390.068
1771.3,72.28,92.9,0.0,-0.0,6,290.821,-0.988,-393.971
1771.3,72.39,92.9,0.0,0.1,6,289.566,-1.009,-396.578
1785.7,72.55,92.9,0.0,0.2,6,287.682,-1.042,-400.496
1785.7,72.65,92.9,0.0,0.2,6,286.424,-1.065,-403.113
1785.7,72.79,93.0,0.0,0.2,6,284.533,-1.100,-407.045
1785.7,72.89,93.0,0.0,0.2,6,283.270,-1.119,-409.670
1800.2,73.04,93.0,0.0,0.1,6,281.371,-1.146,-413.614
1800.2,73.14,93.1,0.0,0.2,6,280.102,-1.165,-416.248
1800.2,73.29,93.1,0.0,0.1,6,278.195,-1.193,-420.205
1814.9,73.44,93.1,0.0,0.1,6,276.281,-1.221,-424.169
1814.9,73.54,93.1,0.0,0.1,6,275.003,-1.241,-426.815
1814.9,73.68,93.1,0.0,0.2,6,273.080,-1.271,-430.791
1814.9,73.78,93.2,0.0,0.3,6,271.794,-1.291,-433.445
1829.6,73.93,93.2,0.0,0.4,6,269.861,-1.322,-437.432
1829.6,74.01,93.2,0.0,0.4,6,268.569,-1.342,-440.093
1829.6,74.16,93.2,0.0,0.3,6,266.626,-1.372,-444.091
1829.6,74.25,93.3,0.0,0.3,6,265.326,-1.391,-446.759
1844.4,74.39,93.3,0.0,0.4,6,263.370,-1.420,-450.766
1844.4,74.48,93.3,0.0,0.5,6,262.062,-1.438,-453.440
1844.4,74.61,93.3,0.0,0.5,6,260.093,-1.465,-457.457
1844.4,74.71,93.3,0.0,0.4,6,258.776,-1.482,-460.137
1859.4,74.85,93.4,0.0,0.4,6,256.794,-1.508,-464.162
1859.4,74.95,93.4,0.0,0.4,6,255.468,-1.526,-466.848
1859.4,75.08,93.4,0.0,0.4,6,253.472,-1.554,-470.882
1859.4,75.21,93.4,0.0,0.4,6,251.468,-1.580,-474.920
1874.4,75.30,93.5,0.0,0.5,6,250.127,-1.598,-477.615
1874.4,75.43,93.5,0.0,0.5,6,248.108,-1.624,-481.661
1874.4,75.51,93.5,0.0,0.4,6,246.759,-1.640,-484.360
1874.4,75.64,93.5,0.0,0.3,6,244.727,-1.664,-488.414
1889.5,75.73,93.5,0.0,0.2,6,243.367,-1.680,-491.119
1889.5,75.86,93.6,0.0,0.2,6,241.322,-1.703,-495.181
1889.5,75.94,93.6,0.0,0.3,6,239.954,-1.717,-497.891
1889.5,76.07,93.6,0.0,0.4,6,237.897,-1.739,-501.961
1904.7,76.15,93.6,0.0,0.3,6,236.522,-1.755,-504.677
1904.7,76.27,93.7,0.0,0.1,6,234.454,-1.778,-508.755
1904.7,76.35,93.7,0.0,0.1,6,233.071,-1.794,-511.476
1904.7,76.48,93.7,0.0,0.1,6,230.991,-1.817,-515.562
1919.9,76.56,93.7,0.0,0.1,6,229.601,-1.833,-518.289
1919.9,76.69,93.7,0.0,0.2,6,227.510,-1.858,-522.383
1919.9,76.79,93.8,0.0,0.3,6,225.414,-1.883,-526.482
1919.9,76.87,93.8,0.0,0.2,6,224.014,-1.898,-529.218
1935.3,76.99,93.8,0.0,0.1,6,221.909,-1.919,-533.325
1935.3,77.07,93.8,0.0,-0.1,6,220.503,-1.933,-536.066
1935.3,77.18,93.9,0.0,-0.1,6,218.391,-1.958,-540.183
1935.3,77.27,93.9,0.0,-0.2,6,216.981,-1.977,-542.932
1950.7,77.38,93.9,0.0,-0.4,6,214.864,-2.011,-547.060
1950.7,77.45,93.9,0.0,-0.5,6,213.453,-2.036,-549.816
1950.7,77.57,93.9,0.0,-0.6,6,211.336,-2.078,-553.956
1950.7,77.64,93.9,0.0,-0.5,6,209.925,-2.108,-556.720
1966.2,77.75,94.0,0.0,-0.3,6,207.810,-2.153,-560.874
1966.2,77.83,94.0,0.0,-0.4,6,206.402,-2.185,-563.649
1966.2,77.94,94.0,0.0,-0.5,6,204.292,-2.236,-567.818
1966.2,78.01,94.0,0.0,-0.6,6,202.887,-2.269,-570.602
1981.8,78.11,94.0,0.0,-0.6,6,200.783,-2.321,-574.785
1981.8,78.22,94.0,0.0,-0.4,6,198.682,-2.373,-578.978
1981.8,78.30,94.0,0.0,-0.3,6,197.284,-2.409,-581.778
1981.8,78.40,94.0,0.0,-0.3,6,195.189,-2.465,-585.986
1997.4,78.47,94.1,0.0,-0.2,6,193.795,-2.500,-588.796
1997.4,78.51,0.0,0.0,-0.1,0,191.706,-2.552,-593.018
1997.4,78.42,93.4,0.0,0.1,7,190.318,-2.590,-595.832
1997.4,78.52,93.4,0.0,0.3,7,188.236,-2.647,-600.055
2013.1,78.59,93.5,0.0,0.4,7,186.848,-2.684,-602.874
2013.1,78.70,93.5,0.0,0.4,7,184.763,-2.741,-607.106
2013.1,78.76,93.5,0.0,0.5,7,183.370,-2.779,-609.930
2013.1,78.86,93.5,0.0,0.8,7,181.274,-2.829,-614.168
2028.9,78.93,93.5,0.0,0.9,7,179.872,-2.864,-616.995
2028.9,79.03,93.5,0.0,1.0,7,177.760,-2.917,-621.237
2028.9,79.12,93.6,0.0,1.1,7,175.634,-2.966,-625.478
2028.9,79.19,93.6,0.0,1.1,7,174.208,-2.994,-628.305
2044.7,79.29,93.6,0.0,1.1,7,172.058,-3.034,-632.544
2044.7,79.35,93.6,0.0,1.0,7,170.615,-3.060,-635.370
2044.7,79.44,93.6,0.0,1.0,7,168.439,-3.095,-639.607
2044.7,79.51,93.6,0.0,0.9,7,166.979,-3.117,-642.431
2060.5,79.59,93.6,0.0,1.0,7,164.777,-3.146,-646.665
2060.5,79.65,93.7,0.0,1.0,7,163.301,-3.163,-649.487
2060.5,79.75,93.7,0.0,0.7,7,161.076,-3.185,-653.720
2060.5,79.81,93.7,0.0,0.5,7,159.585,-3.196,-656.541
2076.4,79.90,93.7,0.0,1.4,7,157.337,-3.208,-660.773
2076.4,79.96,93.7,0.0,1.4,7,155.833,-3.214,-663.593
2076.4,80.05,93.7,0.0,2.4,7,153.565,-3.218,-667.823
2076.4,80.10,93.7,0.0,2.4,7,152.044,-3.219,-670.642
2092.4,80.19,93.7,0.0,2.0,7,149.744,-3.216,-674.865
2092.4,80.27,93.8,0.0,1.3,7,147.421,-3.209,-679.081
2092.4,80.33,93.8,0.0,1.1,7,145.858,-3.202,-681.886
2108.4,80.41,93.8,0.0,0.5,7,143.494,-3.188,-686.089
2108.4,80.42,51.6,0.0,0.9,7,141.907,-3.176,-688.887
2108.4,80.19,0.0,0.0,1.3,7,139.517,-3.154,-693.072
2108.4,80.01,0.0,0.0,1.2,7,137.921,-3.136,-695.851
2124.4,79.74,0.0,0.0,1.0,7,135.526,-3.105,-700.002
2124.4,79.56,0.0,0.0,0.5,7,133.928,-3.082,-702.759
2124.4,79.30,0.0,0.0,-0.0,7,131.532,-3.045,-706.879
2124.4,79.11,0.0,0.0,1.1,7,129.937,-3.018,-709.617
2140.2,78.85,0.0,0.0,2.0,7,127.547,-2.973,-713.709
2140.2,78.68,0.0,0.0,2.0,7,125.953,-2.939,-716.427
2140.2,78.42,0.0,0.0,2.0,7,123.559,-2.883,-720.487
2140.2,78.16,0.0,0.0,2.1,7,121.157,-2.822,-724.524
2155.8,77.98,0.0,0.0,2.3,7,119.551,-2.779,-727.202
2155.8,77.71,0.0,0.0,1.6,7,117.131,-2.709,-731.197
2155.8,77.53,0.0,0.0,1.9,7,115.511,-2.657,-733.846
2155.8,77.27,0.0,0.0,2.0,7,113.072,-2.574,-737.797
2171.3,77.08,0.0,11.5,1.9,7,111.439,-2.516,-740.417
2171.3,76.54,0.0,52.5,1.5,7,108.983,-2.425,-744.319
2171.3,75.88,0.0,74.5,1.4,7,107.348,-2.363,-746.894
2171.3,74.59,0.0,85.8,1.1,7,104.912,-2.270,-750.698
2186.4,73.70,0.0,90.4,1.6,7,103.302,-2.208,-753.191
2186.4,72.27,0.0,90.9,2.3,7,100.909,-2.116,-756.860
2186.4,71.32,24.2,91.4,3.1,0,99.328,-2.057,-759.260
2186.4,69.89,0.0,93.1,2.1,6,96.979,-1.980,-762.791
2200.7,68.87,0.0,88.6,0.2,6,95.426,-1.929,-765.092
2200.7,67.49,0.0,90.4,-0.5,6,93.109,-1.850,-768.465
2200.7,66.08,0.0,90.3,0.2,6,90.809,-1.775,-771.750
2200.7,65.12,0.0,89.7,0.2,6,89.287,-1.725,-773.889
2214.0,63.75,31.7,90.9,2.3,0,87.022,-1.648,-777.025
2214.0,62.83,0.0,91.3,2.8,5,85.526,-1.599,-779.069
2214.0,61.44,0.0,91.0,2.2,5,83.302,-1.527,-782.064
2214.0,60.52,0.0,90.7,2.0,5,81.835,-1.481,-784.015
2226.3,59.14,0.0,90.2,1.8,5,79.656,-1.416,-786.870
2226.3,58.22,0.0,89.1,2.0,5,78.218,-1.374,-788.727
2226.3,56.87,0.0,86.0,2.6,5,76.080,-1.314,-791.441
2226.3,56.01,0.0,86.8,3.3,5,74.668,-1.275,-793.204
2237.6,54.74,35.6,90.2,3.9,0,72.565,-1.221,-795.779
2237.6,53.86,0.0,84.9,3.8,4,71.173,-1.185,-797.448
2237.6,52.63,0.0,72.0,3.0,4,69.100,-1.133,-799.880
2237.6,51.88,0.0,53.8,2.1,4,67.724,-1.099,-801.455
2248.2,51.04,0.0,27.7,0.7,4,65.660,-1.049,-803.750
2248.2,50.48,0.0,15.4,2.0,4,63.579,-1.000,-805.974
2248.2,50.20,0.0,12.0,4.7,4,62.176,-0.966,-807.418
2248.2,49.85,0.0,9.1,9.7,4,60.046,-0.917,-809.533
2258.1,49.64,0.0,8.5,12.7,4,58.607,-0.883,-810.908
2258.1,49.34,0.0,7.4,15.7,4,56.425,-0.832,-812.922
2258.1,49.15,0.0,8.2,17.0,4,54.954,-0.798,-814.231
2258.1,48.86,0.0,6.0,17.8,4,52.723,-0.747,-816.146
2267.9,48.67,0.0,5.9,18.0,4,51.219,-0.714,-817.389
2267.9,48.40,0.0,3.1,17.2,4,48.938,-0.665,-819.199
2267.9,48.24,0.0,3.3,16.9,4,47.399,-0.631,-820.367
2267.9,48.00,0.2,0.1,16.7,4,45.063,-0.582,-822.064
2277.5,47.85,2.5,0.0,17.3,4,43.488,-0.550,-823.157
2277.5,47.66,10.5,0.0,18.1,4,41.100,-0.502,-824.739
2277.5,47.56,12.7,0.0,18.8,4,39.489,-0.471,-825.755
2277.5,47.41,14.5,0.0,20.1,4,37.046,-0.423,-827.220
2287.2,47.25,8.5,0.0,21.8,4,34.572,-0.375,-828.615
2287.2,47.14,10.6,0.0,22.5,4,32.907,-0.343,-829.505
2287.2,46.97,5.3,0.0,23.8,4,30.388,-0.295,-830.780
2287.2,46.84,9.7,0.0,24.1,4,28.696,-0.264,-831.590
2296.9,46.66,9.3,0.0,23.6,4,26.139,-0.217,-832.743
2296.9,46.55,11.2,0.0,23.0,4,24.423,-0.185,-833.470
2296.9,46.39,11.2,0.0,22.0,4,21.830,-0.136,-834.496
2296.9,46.28,9.9,0.0,21.6,4,20.091,-0.103,-835.137
2306.6,46.11,7.7,0.0,22.5,4,17.470,-0.055,-836.036
2306.6,45.99,7.5,0.0,23.6,4,15.714,-0.024,-836.595
2306.6,45.81,9.7,0.0,24.9,4,13.072,0.022,-837.370
2306.6,45.70,10.7,0.0,24.7,4,11.304,0.052,-837.844
2316.2,45.54,10.1,0.0,23.6,4,8.644,0.099,-838.489
2316.2,45.37,8.3,0.0,22.5,4,5.976,0.147,-839.056
2316.2,45.25,6.8,0.0,21.6,4,4.195,0.179,-839.392
2325.7,45.07,5.1,0.0,20.0,4,1.522,0.225,-839.834
2325.7,44.95,6.7,0.0,19.0,4,-0.260,0.255,-840.087
2325.7,44.77,4.5,0.0,18.5,4,-2.933,0.299,-840.403
2325.7,44.65,6.2,0.0,18.8,4,-4.713,0.327,-840.573
2335.2,44.47,5.5,0.0,17.5,4,-7.380,0.368,-840.767
2335.2,44.36,6.9,0.0,16.1,4,-9.154,0.395,-840.856
2335.2,44.20,4.1,0.0,15.8,4,-11.810,0.433,-840.932
2335.2,44.14,33.8,0.0,16.2,4,-13.576,0.458,-840.944
2344.6,44.28,71.3,0.0,16.5,4,-16.227,0.493,-840.908
2344.6,44.32,14.9,26.6,16.7,4,-18.886,0.526,-840.810
2344.6,44.01,0.0,31.8,17.1,4,-20.651,0.546,-840.710
2344.6,43.52,0.0,3.8,16.0,4,-23.269,0.574,-840.514
2353.7,43.42,29.5,0.0,14.8,4,-24.999,0.591,-840.350
2353.7,43.63,83.4,0.0,14.7,4,-27.591,0.613,-840.052
2353.7,43.83,82.5,0.0,15.6,4,-29.325,0.626,-839.819
2353.7,44.12,81.2,0.0,17.4,4,-31.932,0.644,-839.419
2363.1,44.32,82.4,0.0,18.5,4,-33.674,0.655,-839.116
2363.1,44.61,84.0,0.0,20.0,4,-36.292,0.671,-838.608
2363.1,44.80,83.4,0.0,20.2,4,-38.040,0.682,-838.233
2363.1,45.10,82.2,0.0,19.8,4,-40.664,0.699,-837.614
2372.6,45.26,75.8,0.0,19.8,4,-42.414,0.710,-837.163
2372.6,45.48,69.0,0.0,19.5,4,-45.035,0.725,-836.431
2372.6,45.62,70.6,0.0,19.9,4,-46.779,0.733,-835.904
2372.6,45.83,76.0,0.0,21.0,4,-49.388,0.744,-835.057
2382.3,46.08,76.7,0.0,21.0,4,-51.988,0.754,-834.139
2382.3,46.24,77.9,0.0,21.4,4,-53.715,0.760,-833.487
2382.3,46.48,79.1,0.0,22.0,4,-56.295,0.770,-832.450
2382.3,46.65,81.4,0.0,22.2,4,-58.009,0.774,-831.720
2392.0,46.93,84.3,0.0,22.4,4,-60.568,0.778,-830.568
2392.0,47.12,86.1,0.0,22.4,4,-62.267,0.779,-829.761
2392.0,47.40,86.3,0.0,22.7,4,-64.801,0.779,-828.491
2392.0,47.59,85.7,0.0,23.1,4,-66.481,0.778,-827.604
2401.7,47.85,79.8,0.0,24.3,4,-68.984,0.775,-826.215
2401.7,48.01,75.9,0.0,24.9,4,-70.640,0.771,-825.250
2401.7,48.22,77.4,0.0,26.3,4,-73.103,0.764,-823.745
2401.7,48.37,81.0,0.0,27.0,4,-74.729,0.759,-822.703
2411.4,48.62,82.8,0.0,27.8,4,-77.144,0.750,-821.081
2411.4,48.79,83.1,0.0,28.1,4,-78.738,0.743,-819.961
2411.4,49.01,72.6,0.0,28.4,4,-81.104,0.730,-818.226
2411.4,49.15,56.2,0.0,28.5,4,-83.433,0.715,-816.424
2421.1,49.22,63.3,0.0,29.5,4,-84.962,0.705,-815.186
2421.1,49.40,77.9,0.0,30.9,4,-87.221,0.687,-813.278
2421.1,49.55,78.0,0.0,31.3,4,-88.707,0.674,-811.971
2421.1,49.74,71.1,0.0,32.2,4,-90.901,0.653,-809.957
2430.7,49.86,77.1,0.0,33.1,4,-92.341,0.637,-808.581
2430.7,50.09,84.0,0.0,33.4,4,-94.465,0.611,-806.466
2430.7,50.12,27.5,0.0,33.4,4,-95.855,0.594,-805.021
2430.7,49.97,13.9,0.0,34.2,4,-97.891,0.568,-802.813
2440.3,49.86,13.8,0.0,34.0,4,-99.212,0.549,-801.317
2440.3,49.69,13.8,0.0,32.3,4,-101.141,0.520,-799.036
2440.3,49.70,67.8,0.0,30.6,4,-102.391,0.500,-797.492
2440.3,49.95,88.0,0.0,28.7,4,-104.222,0.469,-795.130
2449.9,50.23,88.2,0.0,27.0,4,-106.004,0.434,-792.712
2449.9,50.42,87.7,0.0,25.8,4,-107.165,0.410,-791.069
2449.9,50.67,88.4,0.0,24.5,4,-108.865,0.370,-788.558
2449.9,50.87,88.5,0.0,24.3,4,-109.971,0.342,-786.855
2459.7,51.10,66.4,0.0,20.1,4,-111.595,0.291,-784.266
2459.7,51.21,76.9,0.0,14.7,4,-112.649,0.253,-782.513
2459.7,51.46,86.8,0.0,5.8,4,-114.181,0.195,-779.843
2459.7,51.58,79.7,0.0,0.8,4,-115.172,0.156,-778.036
2469.8,51.83,74.7,0.0,-7.8,4,-116.615,0.095,-775.291
2469.8,51.97,87.7,0.0,-10.1,4,-117.547,0.052,-773.438
2469.8,52.28,88.7,0.0,-14.6,4,-118.915,-0.024,-770.628
2469.8,52.51,89.0,0.0,-16.0,4,-119.807,-0.077,-768.732
2480.2,52.88,89.1,0.0,-11.1,4,-121.124,-0.163,-765.860
2480.2,53.10,89.3,0.0,-5.9,4,-122.000,-0.222,-763.932
2480.2,53.44,89.5,0.0,-0.1,4,-123.333,-0.310,-761.031
2491.0,53.74,89.6,0.0,0.4,4,-124.699,-0.402,-758.123
2491.0,53.98,89.5,0.0,-0.9,4,-125.627,-0.468,-756.180
2491.0,54.31,89.6,0.0,-3.5,4,-127.050,-0.568,-753.261
2491.0,54.54,89.7,0.0,-4.2,4,-128.015,-0.634,-751.312
2502.1,54.86,89.8,0.0,-4.9,4,-129.490,-0.734,-748.383
2502.1,55.06,89.9,0.0,-4.9,4,-130.490,-0.801,-746.427
2502.1,55.40,90.1,0.0,-4.1,4,-132.017,-0.901,-743.488
2502.1,55.60,90.2,0.0,-3.5,4,-133.053,-0.967,-741.527
2513.4,55.92,90.3,0.0,-2.6,4,-134.637,-1.066,-738.582
2513.4,56.12,90.3,0.0,-2.9,4,-135.708,-1.137,-736.616
2513.4,56.46,90.4,0.0,-3.6,4,-137.342,-1.253,-733.662
2513.4,56.65,90.4,0.0,-3.9,4,-138.448,-1.333,-731.691
2525.0,56.97,90.5,0.0,-3.8,4,-140.133,-1.458,-728.731
2525.0,57.17,90.7,0.0,-3.4,4,-141.274,-1.544,-726.756
2525.0,57.49,90.7,0.0,-3.3,4,-143.011,-1.680,-723.790
2525.0,57.80,90.8,0.0,-3.2,4,-144.779,-1.823,-720.822
2536.6,57.99,90.8,0.0,-2.9,4,-145.976,-1.920,-718.843
2536.6,58.30,90.9,0.0,-2.6,4,-147.798,-2.065,-715.872
2536.6,58.49,91.0,0.0,-2.5,4,-149.029,-2.163,-713.890
2536.6,58.79,91.1,0.0,-2.6,4,-150.899,-2.310,-710.914
2548.4,58.98,91.2,0.0,-2.5,4,-152.161,-2.409,-708.928
2548.4,59.27,91.2,0.0,-1.9,4,-154.077,-2.555,-705.946
2548.4,59.47,91.3,0.0,-1.6,4,-155.369,-2.648,-703.956
2548.4,59.53,0.0,0.0,-1.5,0,-157.325,-2.785,-700.970
2560.3,59.63,90.1,0.0,-1.5,5,-158.637,-2.874,-698.984
2560.3,59.90,90.2,0.0,-1.4,5,-160.623,-3.007,-696.001
2560.3,60.07,90.2,0.0,-1.7,5,-161.958,-3.093,-694.010
2560.3,60.34,90.3,0.0,-1.9,5,-163.978,-3.219,-691.018
2572.4,60.51,90.3,0.0,-2.0,5,-165.336,-3.298,-689.021
2572.4,60.77,90.4,0.0,-1.9,5,-167.392,-3.408,-686.022
2572.4,61.02,90.5,0.0,-1.7,5,-169.469,-3.508,-683.018
2572.4,61.19,90.6,0.0,-1.6,5,-170.865,-3.569,-681.013
2609.7,63.14,91.1,0.0,-1.1,5,-188.327,-3.933,-656.820
2609.7,63.30,91.2,0.0,-1.1,5,-189.833,-3.947,-654.790
2609.7,63.53,91.2,0.0,-1.0,5,-192.105,-3.965,-651.739
2622.3,63.76,91.3,0.0,-0.9,5,-194.394,-3.981,-648.683
2622.3,63.91,91.3,0.0,-0.9,5,-195.928,-3.989,-646.643
2622.3,64.14,91.4,0.0,-0.9,5,-198.243,-3.998,-643.577
2622.3,64.28,91.5,0.0,-0.9,5,-199.794,-4.001,-641.531
2635.1,64.50,91.5,0.0,-0.8,5,-202.134,-4.003,-638.457
2635.1,64.65,91.6,0.0,-0.9,5,-203.702,-4.002,-636.405
2635.1,64.86,91.6,0.0,-0.9,5,-206.066,-3.995,-633.322
2635.1,65.00,91.7,0.0,-1.1,5,-207.650,-3.986,-631.264
2648.0,65.22,91.7,0.0,-1.3,5,-210.038,-3.968,-628.173
2673.8,63.66,0.0,0.0,-1.9,5,-229.327,-3.840,-603.952
2673.8,63.45,0.0,0.0,-1.5,5,-231.762,-3.842,-601.016
2673.8,63.32,0.0,0.0,-1.3,5,-233.387,-3.846,-599.070
2686.5,63.11,0.0,0.0,-1.3,5,-235.829,-3.857,-596.167
2686.5,62.97,0.0,0.0,-1.2,5,-237.458,-3.866,-594.241
2686.5,62.77,0.0,0.0,-1.1,5,-239.902,-3.885,-591.368
2686.5,62.63,0.0,0.0,-0.8,5,-241.532,-3.901,-589.461
2699.2,62.41,0.0,30.8,-0.4,5,-243.976,-3.930,-586.615
2699.2,61.98,0.0,52.3,-0.6,5,-245.601,-3.952,-584.729
2699.2,61.02,0.0,76.2,-0.7,5,-248.016,-3.989,-581.935
2699.2,60.22,0.0,82.9,-0.8,5,-249.605,-4.015,-580.101
2711.5,58.96,0.0,88.5,-0.6,5,-251.952,-4.055,-577.401
2711.5,57.63,0.0,90.2,0.2,5,-254.253,-4.095,-574.763
2711.5,56.73,0.0,90.1,0.6,5,-255.761,-4.121,-573.040
2723.1,55.39,0.0,90.8,0.7,5,-257.982,-4.161,-570.509
2723.1,54.51,0.0,91.4,0.5,0,-259.435,-4.186,-568.859
2723.1,53.19,0.0,91.9,-0.2,4,-261.575,-4.226,-566.435
2723.1,52.29,0.0,91.7,-0.4,4,-262.975,-4.253,-564.854
2733.7,50.96,0.0,91.7,-1.5,4,-265.034,-4.293,-562.537
2733.7,50.06,0.0,91.2,-1.9,4,-266.380,-4.321,-561.028
2733.7,48.74,0.0,91.1,-3.0,4,-268.360,-4.363,-558.818
2733.7,47.82,0.0,89.7,-2.9,4,-269.653,-4.390,-557.381
2743.5,46.52,0.0,89.6,-3.4,4,-271.556,-4.426,-555.283
2743.5,45.66,0.0,89.2,-3.1,0,-272.802,-4.450,-553.921
2743.5,44.42,0.0,89.9,-2.4,3,-274.639,-4.484,-551.936
2743.5,43.13,0.0,88.5,-0.8,3,-276.438,-4.516,-550.020
2752.3,42.30,0.0,88.1,-0.6,3,-277.615,-4.538,-548.779
2752.3,41.06,0.0,86.7,1.7,3,-279.349,-4.569,-546.975
2752.3,40.22,0.0,85.3,2.8,3,-280.485,-4.590,-545.809
2752.3,39.05,46.5,83.0,3.4,0,-282.159,-4.618,-544.118
2760.4,38.30,0.0,79.6,2.8,2,-283.258,-4.636,-543.027
2760.4,37.19,0.0,70.9,-0.8,2,-284.884,-4.663,-541.448
2760.4,36.48,0.0,65.5,-3.1,2,-285.952,-4.680,-540.431
2760.4,35.49,0.0,60.8,-4.3,2,-287.536,-4.705,-538.962
2767.7,34.88,0.0,59.9,-5.2,2,-288.582,-4.721,-538.019
2767.7,33.97,0.0,58.9,-6.8,2,-290.139,-4.745,-536.658
2767.7,33.37,0.0,60.4,-7.4,2,-291.167,-4.761,-535.787
2767.7,32.45,0.0,61.7,-7.4,2,-292.696,-4.783,-534.535
2774.3,31.83,0.0,60.9,-7.2,2,-293.705,-4.798,-533.736
2774.3,30.94,0.0,52.9,-6.3,2,-295.202,-4.818,-532.592
2774.3,30.11,0.0,45.6,-4.9,2,-296.681,-4.836,-531.510
2774.3,29.62,0.0,42.6,-4.6,2,-297.659,-4.848,-530.823
2780.2,28.92,0.0,37.9,-7.1,2,-299.118,-4.863,-529.844
2780.2,28.50,0.0,36.9,-10.3,2,-300.087,-4.873,-529.225
2780.2,27.89,0.0,36.3,-15.7,0,-301.533,-4.886,-528.345
2780.2,27.53,50.5,35.4,-18.1,0,-302.492,-4.894,-527.789
2785.6,26.93,0.0,31.9,-20.9,1,-303.923,-4.904,-526.999
2785.6,26.56,0.0,30.5,-22.2,1,-304.871,-4.910,-526.501
2785.6,26.03,0.0,29.6,-22.9,1,-306.285,-4.919,-525.797
2785.6,25.68,0.0,25.2,-22.5,1,-307.221,-4.925,-525.357
2790.7,25.22,0.0,20.7,-23.1,1,-308.618,-4.932,-524.740
2790.7,24.95,0.0,19.2,-24.4,1,-309.546,-4.935,-524.357
2790.7,24.56,0.0,15.9,-27.2,1,-310.933,-4.939,-523.824
2790.7,24.23,0.0,11.6,-29.6,1,-312.315,-4.941,-523.342
2796.1,24.03,0.0,10.9,-31.0,1,-313.236,-4.942,-523.049
2796.1,23.75,0.0,9.0,-30.4,1,-314.614,-4.941,-522.653
2796.1,23.57,0.0,6.9,-29.4,1,-315.530,-4.939,-522.416
2796.1,23.33,0.0,6.6,-30.0,1,-316.902,-4.935,-522.102
2801.9,23.18,0.0,7.2,-31.1,1,-317.815,-4.932,-521.920
2801.9,22.92,1.5,0.9,-37.8,1,-319.179,-4.923,-521.689
2801.9,22.88,25.7,0.0,-36.7,1,-320.086,-4.915,-521.565
2801.9,23.11,47.7,0.0,-32.2,1,-321.455,-4.905,-521.416
2807.6,23.33,50.5,0.0,-30.5,1,-322.380,-4.901,-521.339
2807.6,23.61,42.7,0.0,-21.7,1,-323.785,-4.896,-521.260
2807.6,23.76,24.9,0.0,-20.2,1,-324.732,-4.895,-521.228
2807.6,23.65,0.4,13.0,-25.2,1,-326.156,-4.895,-521.220
2813.2,23.30,0.0,7.3,-30.9,1,-327.566,-4.900,-521.256
2813.2,23.14,0.0,3.3,-32.7,1,-328.493,-4.896,-521.314
2813.2,22.97,0.0,0.3,-35.4,1,-329.870,-4.889,-521.440
2813.2,22.87,1.5,0.0,-37.9,1,-330.781,-4.885,-521.549
2818.4,22.75,10.5,0.0,-41.8,1,-332.134,-4.877,-521.752
2818.4,22.75,27.9,0.0,-45.2,1,-333.029,-4.872,-521.914
2818.4,22.92,43.5,0.0,-46.4,1,-334.368,-4.864,-522.200
2818.4,23.10,49.4,0.0,-46.4,1,-335.261,-4.858,-522.420
2823.2,23.42,55.0,0.0,-46.8,1,-336.604,-4.846,-522.796
2823.2,23.69,70.9,0.0,-47.8,1,-337.502,-4.838,-523.078
2823.2,24.07,53.5,0.0,-46.0,1,-338.856,-4.823,-523.546
2823.2,24.25,43.4,0.0,-42.4,1,-339.758,-4.812,-523.893
2828.0,24.46,40.8,0.0,-35.1,1,-341.103,-4.794,-524.461
2828.0,24.70,47.3,0.0,-30.5,1,-342.437,-4.775,-525.089
2828.0,24.89,46.2,0.0,-28.3,1,-343.319,-4.762,-525.540
2832.9,25.21,57.1,0.0,-24.3,1,-344.635,-4.741,-526.265
2832.9,25.45,58.6,0.0,-21.4,1,-345.507,-4.728,-526.779
2832.9,25.86,56.0,0.0,-12.6,1,-346.810,-4.707,-527.596
2832.9,26.16,68.9,0.0,-5.3,1,-347.677,-4.693,-528.170
2838.0,26.76,78.2,0.0,4.7,1,-348.983,-4.672,-529.069
2838.0,27.19,79.2,0.0,4.3,1,-349.864,-4.658,-529.690
2838.0,27.82,70.9,0.0,13.7,1,-351.205,-4.636,-530.649
2838.0,28.14,59.4,0.0,15.6,1,-352.116,-4.621,-531.299
2843.4,28.47,46.5,0.0,18.0,1,-353.508,-4.599,-532.271
2843.4,28.63,38.2,0.0,14.2,1,-354.453,-4.585,-532.912
2843.4,28.80,32.1,0.0,13.3,1,-355.892,-4.564,-533.859
2843.4,28.89,31.5,0.0,12.0,1,-356.865,-4.551,-534.479
2849.2,29.04,34.4,0.0,14.2,1,-358.343,-4.532,-535.392
2849.2,29.15,24.5,0.0,20.0,1,-359.843,-4.515,-536.285
2849.2,29.17,22.6,0.0,21.1,1,-360.855,-4.504,-536.865
2849.2,29.22,28.0,0.0,25.3,1,-362.391,-4.488,-537.707
2855.3,29.25,21.0,0.0,26.8,1,-363.427,-4.479,-538.248
2855.3,29.23,17.6,0.0,27.2,1,-365.001,-4.467,-539.025
2855.3,29.22,19.8,0.0,28.2,1,-366.061,-4.459,-539.517
2855.3,29.23,20.4,0.0,34.4,1,-367.669,-4.450,-540.216
2861.6,29.22,25.5,0.0,39.5,1,-368.753,-4.444,-540.653
2861.6,29.27,26.9,0.0,44.6,1,-370.398,-4.438,-541.263
2861.6,29.30,30.6,0.0,47.2,1,-371.507,-4.435,-541.639
2861.6,29.42,45.7,0.0,52.5,1,-373.190,-4.433,-542.156
2868.2,29.53,39.8,0.0,54.3,1,-374.325,-4.435,-542.474
2868.2,29.66,40.4,0.0,57.1,1,-376.050,-4.438,-542.901
2868.2,29.74,37.7,0.0,56.6,1,-377.212,-4.436,-543.145
2868.2,29.81,37.5,0.0,56.9,1,-378.970,-4.436,-543.461
2875.8,29.84,26.7,0.0,58.9,1,-380.743,-4.437,-543.713
2875.8,29.82,28.5,0.0,60.7,1,-381.929,-4.436,-543.841
2875.8,29.85,25.4,0.0,63.7,1,-383.713,-4.441,-543.986
2875.8,29.79,21.6,0.0,66.8,1,-384.904,-4.446,-544.046
2882.6,29.66,16.2,0.0,69.1,1,-386.687,-4.448,-544.072
2882.6,29.57,18.9,0.0,75.2,1,-387.872,-4.450,-544.050
2882.6,29.43,15.2,0.0,77.9,1,-389.640,-4.452,-543.958
2882.6,29.35,14.5,0.0,80.0,1,-390.811,-4.454,-543.860
2890.0,29.20,14.5,0.0,84.2,1,-392.557,-4.457,-543.661
2890.0,29.11,14.2,0.0,86.2,1,-393.711,-4.459,-543.495
2890.0,28.96,14.0,0.0,86.2,1,-395.429,-4.461,-543.199
2890.0,28.85,13.9,0.0,88.0,1,-396.562,-4.461,-542.970
2896.1,28.69,14.1,0.0,87.4,1,-398.244,-4.462,-542.579
2896.1,28.53,14.0,0.0,83.6,1,-399.901,-4.465,-542.129
2896.1,28.44,14.0,0.0,79.7,1,-400.990,-4.467,-541.797
2896.1,28.31,13.8,0.0,73.5,1,-402.603,-4.474,-541.249
2901.8,28.21,13.7,0.0,69.3,1,-403.661,-4.479,-540.851
2901.8,28.08,14.3,0.0,58.8,1,-405.222,-4.490,-540.207
2901.8,28.00,15.9,0.0,50.0,1,-406.245,-4.498,-539.745
2901.8,27.95,27.6,0.0,36.0,1,-407.750,-4.512,-539.005
2907.3,28.08,50.2,0.0,24.7,1,-408.738,-4.522,-538.478
2907.3,28.25,37.4,0.0,7.7,1,-410.205,-4.538,-537.639
2907.3,28.43,49.2,0.0,-1.6,1,-411.172,-4.550,-537.049
2907.3,28.83,65.9,0.0,-8.1,1,-412.617,-4.569,-536.123
2912.9,29.20,76.8,0.0,-7.2,1,-413.582,-4.583,-535.481
2912.9,29.83,79.2,0.0,-0.7,1,-415.042,-4.605,-534.482
2912.9,30.24,79.3,0.0,4.7,1,-416.026,-4.621,-533.794
2912.9,30.84,80.4,0.0,11.3,1,-417.517,-4.644,-532.731
2918.7,31.44,83.5,0.0,13.7,1,-419.025,-4.669,-531.631
2918.7,31.84,84.9,0.0,14.2,1,-420.039,-4.686,-530.875
2918.7,32.44,87.1,0.0,15.1,1,-421.569,-4.712,-529.703
2918.7,32.84,87.3,0.0,14.5,0,-422.592,-4.730,-528.894
2924.9,32.90,84.2,0.0,13.1,2,-424.118,-4.756,-527.644
2924.9,33.25,84.6,0.0,13.2,2,-425.125,-4.773,-526.787
2924.9,33.80,84.7,0.0,13.2,2,-426.634,-4.797,-525.460
2924.9,34.15,84.9,0.0,13.0,2,-427.639,-4.812,-524.546
2931.4,34.69,85.1,0.0,11.6,2,-429.143,-4.835,-523.133
2931.4,35.05,85.2,0.0,11.2,2,-430.144,-4.849,-522.163
2931.4,35.59,85.4,0.0,10.6,2,-431.640,-4.869,-520.665
2931.4,35.95,85.5,0.0,10.4,2,-432.636,-4.882,-519.639
2938.4,36.48,85.7,0.0,10.4,2,-434.125,-4.902,-518.058
2938.4,36.83,85.8,0.0,9.3,2,-435.115,-4.914,-516.978
2938.4,37.36,86.0,0.0,9.7,2,-436.596,-4.933,-515.318
2945.6,37.88,86.1,0.0,11.7,2,-438.071,-4.950,-513.611
2945.6,38.22,84.9,0.0,12.8,2,-439.049,-4.962,-512.445
2945.6,38.69,81.5,0.0,13.8,2,-440.506,-4.979,-510.657
2945.6,38.99,80.3,0.0,13.8,2,-441.467,-4.990,-509.438
2953.3,39.44,84.4,0.0,13.3,2,-442.892,-5.006,-507.566
2953.3,39.75,86.4,0.0,13.2,2,-443.829,-5.016,-506.290
2953.3,40.24,86.8,0.0,12.8,2,-445.213,-5.029,-504.332
2953.3,40.54,86.8,0.0,13.0,2,-446.122,-5.036,-502.996
2961.0,41.00,86.9,0.0,13.5,2,-447.460,-5.045,-500.949
2961.0,41.29,87.0,0.0,13.6,0,-448.336,-5.051,-499.556
2961.0,41.29,85.0,0.0,13.5,3,-449.613,-5.058,-497.433
2961.0,41.71,85.3,0.0,13.1,3,-450.847,-5.062,-495.271
2969.2,41.99,85.3,0.0,14.0,3,-451.650,-5.064,-493.803
2969.2,42.39,85.5,0.0,15.7,3,-452.827,-5.066,-491.563
2969.2,42.67,85.6,0.0,16.1,3,-453.593,-5.069,-490.044
2969.2,43.08,85.7,0.0,15.1,3,-454.711,-5.074,-487.729
2977.4,43.35,85.8,0.0,14.9,3,-455.436,-5.079,-486.160
2977.4,43.74,85.9,0.0,14.7,3,-456.488,-5.088,-483.769
2977.4,44.02,86.0,0.0,14.2,3,-457.167,-5.096,-482.151
2977.4,44.42,86.1,0.0,13.6,3,-458.149,-5.110,-479.687
2985.9,44.67,86.2,0.0,13.5,3,-458.779,-5.122,-478.021
2985.9,45.05,86.3,0.0,13.8,3,-459.685,-5.142,-475.487
2985.9,45.31,86.4,0.0,13.6,3,-460.263,-5.158,-473.775
2985.9,45.69,86.6,0.0,12.8,3,-461.087,-5.184,-471.173
2994.7,45.94,86.7,0.0,12.6,3,-461.608,-5.203,-469.417
2994.7,46.31,87.0,0.0,12.8,3,-462.344,-5.233,-466.750
2994.7,46.69,87.1,0.0,12.7,3,-463.027,-5.267,-464.046
2994.7,46.93,87.2,0.0,13.1,3,-463.451,-5.291,-462.223
3003.8,47.28,87.4,0.0,13.4,3,-464.039,-5.329,-459.460
3003.8,47.52,87.4,0.0,13.5,3,-464.398,-5.356,-457.599
3003.8,47.88,87.6,0.0,13.7,3,-464.886,-5.396,-454.780
3003.8,48.11,87.7,0.0,14.3,3,-465.177,-5.423,-452.883
3013.2,48.46,87.8,0.0,13.9,3,-465.560,-5.463,-450.013
3013.2,48.69,87.9,0.0,15.0,3,-465.781,-5.490,-448.083
3013.2,49.04,88.1,0.0,16.1,3,-466.061,-5.530,-445.165
3013.2,49.27,88.2,0.0,15.8,0,-466.215,-5.556,-443.206
3022.8,49.23,86.2,0.0,14.2,4,-466.393,-5.597,-440.256
3022.8,49.44,86.4,0.0,12.9,4,-466.476,-5.624,-438.285
3022.8,49.75,86.6,0.0,11.9,4,-466.552,-5.663,-435.311
3022.8,50.07,85.0,0.0,11.3,4,-466.566,-5.703,-432.318
3032.7,50.26,81.5,0.0,11.1,4,-466.542,-5.728,-430.312
3032.7,50.53,76.4,0.0,12.5,4,-466.454,-5.765,-427.290
3032.7,50.70,79.2,0.0,14.7,4,-466.360,-5.787,-425.267
3032.7,50.97,83.3,0.0,15.6,4,-466.165,-5.819,-422.224
3043.1,51.16,87.2,0.0,15.1,4,-465.998,-5.839,-420.189
3043.1,51.45,87.6,0.0,15.4,4,-465.690,-5.865,-417.126
3043.1,51.66,87.6,0.0,15.8,4,-465.446,-5.881,-415.079
3043.1,51.91,87.9,0.0,15.1,4,-465.018,-5.901,-412.002
3054.7,52.08,88.1,0.0,13.7,4,-464.693,-5.914,-409.949
3054.7,52.33,88.0,0.0,11.2,4,-464.146,-5.934,-406.864
3054.7,52.50,88.5,0.0,9.6,4,-463.744,-5.949,-404.806
3054.7,52.65,45.0,0.0,6.3,4,-463.095,-5.986,-401.720
3065.8,52.68,51.8,0.0,4.8,4,-462.625,-6.014,-399.666
3065.8,52.69,50.1,0.0,3.6,4,-461.844,-6.049,-396.604
3065.8,52.74,72.4,0.0,5.2,4,-460.978,-6.078,-393.563
3065.8,52.87,87.4,0.0,7.4,4,-460.351,-6.094,-391.546
3076.6,53.12,88.5,0.0,11.7,4,-459.341,-6.114,-388.532
3076.6,53.31,88.6,0.0,14.7,4,-458.623,-6.127,-386.528
3076.6,53.59,88.7,0.0,18.5,4,-457.484,-6.147,-383.532
3076.6,53.77,88.7,0.0,19.4,4,-456.684,-6.159,-381.540
3087.2,54.04,88.8,0.0,18.6,4,-455.425,-6.176,-378.561
3087.2,54.23,88.9,0.0,16.9,4,-454.546,-6.185,-376.582
3087.2,54.50,89.0,0.0,14.0,4,-453.169,-6.195,-373.625
3087.2,54.69,89.1,0.0,12.1,4,-452.215,-6.201,-371.662
3097.9,54.96,89.2,0.0,8.2,4,-450.728,-6.212,-368.728
3097.9,55.16,89.3,0.0,5.8,4,-449.703,-6.220,-366.779
3097.9,55.45,89.4,0.0,3.9,4,-448.114,-6.234,-363.867
3097.9,55.65,89.4,0.0,4.0,4,-447.022,-6.242,-361.932
3108.9,55.95,89.5,0.0,5.4,4,-445.342,-6.254,-359.038
3108.9,56.25,89.6,0.0,6.6,4,-443.617,-6.268,-356.148
3108.9,56.44,89.7,0.0,6.7,4,-442.444,-6.276,-354.224
3120.0,56.73,89.8,0.0,6.3,4,-440.648,-6.286,-351.344
3120.0,56.92,89.9,0.0,6.5,4,-439.427,-6.293,-349.427
3120.0,57.20,90.0,0.0,6.4,4,-437.561,-6.304,-346.557
3120.0,57.40,90.0,0.0,6.5,4,-436.291,-6.312,-344.649
3131.4,57.68,90.1,0.0,6.1,4,-434.350,-6.322,-341.795
3131.4,57.87,90.2,0.0,5.8,4,-433.032,-6.328,-339.898
3131.4,58.13,90.3,0.0,4.9,4,-431.017,-6.333,-337.061
3131.4,58.31,90.4,0.0,4.1,4,-429.650,-6.335,-335.176
3143.0,58.59,90.5,0.0,3.0,4,-427.565,-6.334,-332.356
3143.0,58.77,90.6,0.0,2.6,4,-426.156,-6.330,-330.479
3143.0,59.05,90.7,0.0,1.8,4,-424.014,-6.321,-327.668
3143.0,59.31,90.7,0.0,1.2,4,-421.845,-6.310,-324.857
3154.8,59.50,90.8,0.0,0.8,4,-420.386,-6.302,-322.983
3154.8,59.53,0.0,0.0,0.2,0,-418.182,-6.288,-320.169
3154.8,59.62,89.5,0.0,-0.3,5,-416.710,-6.279,-318.297
3154.8,59.87,89.6,0.0,-0.8,5,-414.492,-6.264,-315.482
3166.8,60.03,89.7,0.0,-0.9,5,-413.008,-6.254,-313.599
3166.8,60.28,89.7,0.0,-1.1,5,-410.776,-6.238,-310.763
3166.8,60.44,89.8,0.0,-1.1,5,-409.286,-6.227,-308.864
3166.8,60.68,89.9,0.0,-1.1,5,-407.048,-6.210,-306.001
3178.9,60.84,89.9,0.0,-1.1,5,-405.556,-6.198,-304.083
3178.9,61.08,90.0,0.0,-1.0,5,-403.317,-6.179,-301.191
3178.9,61.24,90.1,0.0,-1.0,5,-401.825,-6.166,-299.254
3178.9,61.48,90.2,0.0,-0.8,5,-399.585,-6.147,-296.333
3191.1,61.63,90.2,0.0,-0.6,5,-398.092,-6.133,-294.376
3191.1,61.87,90.3,0.0,-0.6,5,-395.850,-6.113,-291.426
3191.1,62.11,90.4,0.0,-0.6,5,-393.607,-6.093,-288.460
3191.1,62.25,90.4,0.0,-0.8,5,-392.111,-6.079,-286.474
3203.5,62.49,90.5,0.0,-0.8,5,-389.864,-6.060,-283.482
3203.5,62.65,90.5,0.0,-0.9,5,-388.364,-6.048,-281.478
3203.5,62.87,90.6,0.0,-0.6,5,-386.112,-6.028,-278.461
3203.5,63.03,90.7,0.0,-0.5,5,-384.608,-6.013,-276.442
3216.1,63.25,90.7,0.0,-0.4,5,-382.350,-5.987,-273.401
3216.1,63.40,90.8,0.0,-0.3,5,-380.842,-5.969,-271.366
3216.1,63.63,90.9,0.0,-0.2,5,-378.577,-5.942,-268.303
3216.1,63.77,90.9,0.0,-0.2,5,-377.063,-5.924,-266.253
3228.8,64.00,91.0,0.0,-0.1,5,-374.789,-5.898,-263.168
3228.8,64.14,91.0,0.0,-0.2,5,-373.270,-5.880,-261.105
3228.8,64.36,91.1,0.0,-0.2,5,-370.986,-5.851,-258.000
3228.8,64.50,91.1,0.0,-0.1,5,-369.460,-5.830,-255.924
3241.7,64.72,91.2,0.0,0.0,5,-367.165,-5.796,-252.800
3241.7,64.93,91.3,0.0,0.3,5,-364.862,-5.762,-249.666
3241.7,65.08,91.3,0.0,0.6,5,-363.322,-5.738,-247.572
3241.7,65.29,91.4,0.0,0.6,5,-361.005,-5.700,-244.422
3254.7,65.42,91.4,0.0,0.4,5,-359.455,-5.673,-242.318
3254.7,65.63,91.5,0.0,0.4,5,-357.120,-5.631,-239.156
3254.7,65.76,91.5,0.0,0.4,5,-355.558,-5.603,-237.043
3254.7,65.97,91.6,0.0,0.3,5,-353.205,-5.561,-233.869
3267.8,66.11,91.6,0.0,0.1,5,-351.629,-5.533,-231.749
3267.8,66.31,91.7,0.0,0.2,5,-349.257,-5.493,-228.563
3267.8,66.44,91.7,0.0,0.2,5,-347.670,-5.470,-226.435
3267.8,66.64,91.8,0.0,0.1,5,-345.282,-5.435,-223.237
3281.1,66.77,91.8,0.0,0.1,5,-343.684,-5.409,-221.100
3281.1,66.97,91.9,0.0,0.1,5,-341.280,-5.367,-217.889
3281.1,67.16,91.9,0.0,0.1,5,-338.867,-5.324,-214.670
3281.1,67.29,92.0,0.0,0.1,5,-337.254,-5.294,-212.518
3294.5,67.49,92.0,0.0,0.0,5,-334.827,-5.247,-209.285
3294.5,67.62,92.1,0.0,-0.0,5,-333.206,-5.216,-207.124
3294.5,67.80,92.1,0.0,-0.1,5,-330.767,-5.169,-203.876
3294.5,67.93,92.1,0.0,-0.2,5,-329.137,-5.137,-201.705
3308.0,68.11,92.2,0.0,-0.3,5,-326.687,-5.086,-198.442
3308.0,68.23,92.2,0.0,-0.3,5,-325.051,-5.051,-196.262
3308.0,68.41,92.3,0.0,-0.4,5,-322.591,-4.998,-192.983
3308.0,68.53,92.3,0.0,-0.4,5,-320.949,-4.961,-190.792
3321.7,68.70,92.4,0.0,-0.3,5,-318.481,-4.906,-187.497
3321.7,68.83,92.4,0.0,-0.2,5,-316.833,-4.869,-185.295
3321.7,69.01,92.5,0.0,-0.2,5,-314.358,-4.814,-181.983
3321.7,69.12,92.5,0.0,-0.3,5,-312.706,-4.777,-179.770
3335.4,69.29,92.6,0.0,-0.3,5,-310.225,-4.722,-176.441
3335.4,69.46,92.6,0.0,-0.3,5,-307.740,-4.668,-173.103
3335.4,69.57,92.7,0.0,-0.3,5,-306.081,-4.631,-170.872
3349.3,69.74,92.7,0.0,-0.2,5,-303.590,-4.575,-167.517
3349.3,69.85,92.7,0.0,-0.3,0,-301.927,-4.536,-165.275
3349.3,69.76,91.8,0.0,-0.3,6,-299.435,-4.478,-161.909
3349.3,69.86,91.9,0.0,-0.4,6,-297.774,-4.439,-159.665
3363.3,70.02,91.9,0.0,-0.4,6,-295.281,-4.379,-156.290
3363.3,70.12,91.9,0.0,-0.4,6,-293.618,-4.339,-154.035
3363.3,70.28,92.0,0.0,-0.3,6,-291.120,-4.279,-150.644
3363.3,70.39,92.0,0.0,-0.2,6,-289.454,-4.238,-148.377
3377.4,70.54,92.1,0.0,-0.2,6,-286.953,-4.177,-144.970
3377.4,70.65,92.1,0.0,-0.2,6,-285.284,-4.137,-142.693
3377.4,70.80,92.1,0.0,-0.2,6,-282.777,-4.076,-139.269
3377.4,70.96,92.1,0.0,-0.0,6,-280.267,-4.017,-135.837
3391.5,71.06,92.2,0.0,0.0,6,-278.591,-3.977,-133.544
3391.5,71.21,92.2,0.0,0.2,6,-276.073,-3.916,-130.099
3391.5,71.31,92.2,0.0,0.2,6,-274.392,-3.875,-127.798
3391.5,71.46,92.3,0.0,0.2,6,-271.865,-3.813,-124.340
3405.8,71.56,92.3,0.0,0.2,6,-270.177,-3.772,-122.032
3405.8,71.71,92.3,0.0,0.0,6,-267.639,-3.709,-118.564
3405.8,71.81,92.4,0.0,-0.1,6,-265.945,-3.667,-116.248
3405.8,71.95,92.4,0.0,-0.3,6,-263.398,-3.604,-112.769
3420.2,72.05,92.4,0.0,-0.4,6,-261.697,-3.561,-110.445
3420.2,72.19,92.5,0.0,-0.4,6,-259.144,-3.496,-106.952
3420.2,72.28,92.5,0.0,-0.5,6,-257.441,-3.451,-104.619
3420.2,72.39,50.4,0.0,-0.5,6,-254.886,-3.383,-101.110
3434.6,72.27,0.0,0.0,-0.5,6,-253.186,-3.338,-98.769
3434.6,72.31,92.5,0.0,-0.5,6,-250.643,-3.270,-95.258
3434.6,72.45,92.6,0.0,-0.5,6,-248.101,-3.205,-91.738
3434.6,72.55,92.6,0.0,-0.5,6,-246.406,-3.162,-89.385
3449.1,72.69,92.6,0.0,-0.4,6,-243.864,-3.098,-85.848
3449.1,72.77,92.7,0.0,-0.0,6,-242.169,-3.055,-83.484
3449.1,72.92,92.7,0.0,1.0,6,-239.625,-2.992,-79.930
3449.1,73.01,92.7,0.0,1.6,6,-237.927,-2.951,-77.557
3463.7,73.14,92.8,0.0,1.6,6,-235.372,-2.888,-73.995
3463.7,73.24,92.8,0.0,1.0,6,-233.662,-2.845,-71.620
3463.7,73.37,92.8,0.0,2.0,6,-231.083,-2.782,-68.058
3463.7,73.46,92.8,0.0,3.0,6,-229.353,-2.739,-65.685
3478.4,73.58,92.9,0.0,4.5,6,-226.740,-2.672,-62.132
3478.4,73.45,26.4,52.0,4.9,6,-224.984,-2.626,-59.772
3478.4,72.45,0.0,78.2,5.0,6,-222.346,-2.558,-56.273
3478.4,71.59,0.0,78.6,4.5,6,-220.593,-2.512,-53.985
3492.9,70.39,0.0,57.5,4.2,6,-217.971,-2.443,-50.627
3492.9,69.43,0.0,39.4,4.4,6,-215.349,-2.377,-47.353
3492.9,68.93,0.0,30.4,4.8,6,-213.592,-2.333,-45.214
3492.9,68.32,0.0,17.3,7.4,6,-210.935,-2.268,-42.069
3506.7,68.00,0.0,8.1,5.8,6,-209.146,-2.225,-40.012
3506.7,67.67,0.0,1.0,5.3,6,-206.429,-2.160,-36.982
3506.7,67.51,9.9,0.0,6.6,6,-204.595,-2.116,-34.995
3506.7,67.34,21.0,0.0,7.1,6,-201.810,-2.050,-32.062
3520.1,67.24,20.9,0.0,7.8,6,-199.931,-2.007,-30.135
3520.1,67.06,8.3,24.5,8.8,6,-197.081,-1.943,-27.287
3520.1,66.74,0.0,24.5,8.2,6,-195.164,-1.901,-25.419
3520.1,65.75,0.0,57.1,6.7,6,-192.276,-1.835,-22.679
3533.3,65.15,0.0,10.0,5.6,6,-190.356,-1.791,-20.900
3533.3,65.08,89.1,0.0,7.7,6,-187.455,-1.726,-18.288
3533.3,65.18,87.2,0.0,10.6,6,-185.495,-1.685,-16.573
3533.3,65.21,40.7,4.3,15.9,6,-182.514,-1.630,-14.039
3546.2,65.01,22.4,0.0,19.2,6,-179.494,-1.584,-11.560
3546.2,64.95,52.0,0.0,19.9,6,-177.460,-1.558,-9.943
3546.2,64.97,83.1,0.0,19.2,6,-174.369,-1.526,-7.569
3546.2,65.03,89.4,0.0,18.4,6,-172.279,-1.508,-6.023
3559.4,65.11,89.5,0.0,16.5,6,-169.096,-1.483,-3.762
3559.4,65.17,89.5,0.0,16.3,6,-166.942,-1.465,-2.297
3559.4,65.25,89.6,0.0,18.6,6,-163.662,-1.438,-0.163
3559.4,65.28,87.4,0.0,20.6,6,-161.443,-1.416,1.211
3572.7,65.30,66.5,0.0,23.2,6,-158.070,-1.379,3.203
3572.7,65.28,71.6,0.0,25.0,6,-155.794,-1.352,4.484
3572.7,65.29,87.2,0.0,27.8,6,-152.345,-1.311,6.339
3572.7,65.37,76.4,0.0,29.3,6,-150.027,-1.296,7.545
3586.7,65.34,61.6,0.0,32.0,6,-146.511,-1.270,9.284
3586.7,65.26,57.9,0.0,36.4,6,-142.954,-1.238,10.926
3586.7,65.17,39.7,0.0,40.5,6,-140.563,-1.216,11.970
3600.6,64.96,23.4,0.0,47.1,6,-136.954,-1.181,13.459
3650.9,60.44,20.3,0.0,41.8,5,-79.430,-0.602,24.518
3686.8,61.06,90.7,0.0,-1.8,5,-45.951,-0.175,20.461
3686.8,61.31,90.7,0.0,-3.9,5,-42.364,-0.135,19.683
3698.9,61.45,90.7,0.0,-4.0,5,-39.967,-0.109,19.153
3698.9,61.69,89.5,0.0,-4.3,5,-36.358,-0.070,18.364
3698.9,61.90,90.9,0.0,-5.6,5,-32.732,-0.033,17.596
3698.9,62.05,90.9,0.0,-6.7,5,-30.303,-0.009,17.100
3711.3,62.29,91.0,0.0,-8.2,5,-26.643,0.023,16.386
3711.3,62.37,91.2,0.0,-7.9,5,-24.191,0.043,15.932
3711.3,62.58,91.2,0.0,-8.7,5,-20.496,0.067,15.290
3711.3,62.75,91.1,0.0,-7.3,5,-18.022,0.082,14.890
3723.8,62.95,91.2,0.0,-5.8,5,-14.293,0.105,14.338
3723.8,63.09,91.2,0.0,-6.0,5,-11.795,0.121,14.002
3723.8,63.29,91.3,0.0,-6.7,5,-8.032,0.146,13.547
3723.8,63.42,91.4,0.0,-8.2,5,-5.513,0.163,13.275
3736.6,63.62,91.4,0.0,-10.5,5,-1.720,0.188,12.914
3736.6,63.74,91.5,0.0,-10.9,5,0.819,0.207,12.708
3736.6,63.94,91.5,0.0,-11.7,5,4.640,0.239,12.456
3736.6,64.03,91.6,0.0,-11.7,5,7.196,0.263,12.329
3749.6,64.21,91.7,0.0,-12.1,5,11.041,0.303,12.199
3749.6,64.34,91.6,0.0,-11.5,5,13.611,0.331,12.154
3749.6,64.49,91.7,0.0,-11.3,5,17.475,0.377,12.152
3749.6,64.67,91.7,0.0,-11.3,5,21.348,0.427,12.228
3762.8,64.75,91.8,0.0,-10.7,5,23.934,0.464,12.324
3762.8,64.91,91.9,0.0,-9.3,5,27.817,0.523,12.537
3762.8,65.02,91.9,0.0,-8.3,5,30.408,0.565,12.724
3762.8,65.19,92.0,0.0,-9.6,5,34.299,0.622,13.063
3776.3,65.32,91.9,0.0,-12.0,5,36.895,0.655,13.326
3776.3,65.46,92.0,0.0,-14.6,5,40.791,0.704,13.787
3776.3,65.56,92.0,0.0,-15.6,5,43.386,0.739,14.141
3776.3,65.70,92.1,0.0,-16.5,5,47.277,0.793,14.739
3789.9,65.79,92.1,0.0,-16.4,5,49.869,0.829,15.182
3789.9,65.94,92.1,0.0,-15.4,5,53.751,0.883,15.916
3789.9,66.01,92.3,0.0,-14.4,5,56.334,0.919,16.453
3789.9,66.12,92.3,0.0,-11.5,5,60.199,0.975,17.330
3803.4,66.25,92.3,0.0,-8.4,5,64.051,1.032,18.293
3803.4,66.27,92.5,0.0,-7.0,5,66.609,1.070,18.985
3803.4,66.41,92.6,0.0,-4.7,5,70.433,1.128,20.094
3803.4,66.53,92.4,0.0,-4.2,5,72.972,1.166,20.880
3817.1,66.64,92.4,0.0,-5.1,5,76.764,1.224,22.131
3817.1,66.68,92.6,0.0,-6.7,5,79.280,1.262,23.013
3817.1,66.84,92.6,0.0,-8.5,5,83.036,1.318,24.405
3817.1,66.95,92.5,0.0,-9.8,5,85.528,1.355,25.378
3830.8,67.07,92.5,0.0,-10.7,5,89.246,1.413,26.904
3830.8,67.16,92.6,0.0,-11.1,5,91.712,1.451,27.965
3830.8,67.31,92.6,0.0,-11.7,5,95.390,1.510,29.619
3830.8,67.39,92.7,0.0,-11.8,5,97.828,1.550,30.765
3844.4,67.53,92.7,0.0,-11.4,5,101.462,1.613,32.546
3844.4,67.63,92.7,0.0,-10.9,5,103.870,1.655,33.775
3844.4,67.77,92.8,0.0,-10.2,5,107.457,1.718,35.678
3857.9,67.90,92.8,0.0,-10.0,5,111.014,1.782,37.654
3857.9,68.00,92.8,0.0,-10.0,5,113.369,1.824,39.011
3857.9,68.14,92.9,0.0,-10.4,5,116.874,1.888,41.106
3857.9,68.24,92.9,0.0,-10.6,5,119.193,1.930,42.540
3871.4,68.37,93.0,0.0,-11.0,5,122.645,1.991,44.748
3871.4,68.46,93.0,0.0,-11.3,5,124.927,2.031,46.257
3871.4,68.59,93.0,0.0,-10.9,5,128.322,2.088,48.575
3871.4,68.55,21.5,0.0,-10.9,5,130.563,2.125,50.158
3885.1,68.29,0.0,0.0,-10.5,5,133.881,2.178,52.577
3885.1,68.10,0.0,0.0,-9.6,5,136.059,2.211,54.218
3885.1,67.82,0.0,0.0,-8.1,5,139.276,2.258,56.724
3885.1,67.63,0.0,0.0,-7.7,5,141.387,2.287,58.422
3898.6,67.36,0.0,0.0,-7.5,5,144.504,2.324,61.009
3898.6,67.18,0.0,0.0,-7.3,5,146.548,2.344,62.759
3898.6,66.92,0.0,0.0,-6.2,5,149.567,2.368,65.420
3898.6,66.66,0.0,0.0,-4.2,5,152.526,2.388,68.122
3912.0,66.50,0.0,0.0,-3.3,5,154.468,2.401,69.945
3912.0,66.27,0.0,0.0,-2.5,5,157.340,2.416,72.706
3912.0,66.11,0.0,0.0,-2.1,5,159.229,2.426,74.561
3912.0,65.89,0.0,0.0,-1.7,5,162.032,2.440,77.359
3925.2,65.74,0.0,0.0,-1.3,5,163.883,2.449,79.231
3925.2,65.52,0.0,0.0,-0.6,5,166.639,2.465,82.044
3925.2,65.37,0.0,0.0,-0.3,5,168.465,2.476,83.920
3925.2,65.15,0.0,0.0,0.0,5,171.191,2.495,86.731
3938.2,64.99,0.0,10.7,0.2,5,173.002,2.508,88.602
3938.2,64.51,0.0,52.9,0.4,5,175.706,2.528,91.396
3938.2,63.51,0.0,76.4,0.6,5,178.380,2.548,94.158
3938.2,62.70,0.0,83.0,0.6,5,180.139,2.561,95.971
3950.9,61.44,0.0,89.8,0.8,5,182.737,2.580,98.643
3950.9,60.50,0.0,89.1,0.9,5,184.440,2.594,100.391
3950.9,59.15,0.0,90.6,1.0,5,186.950,2.612,102.961
3950.9,58.25,0.0,90.9,0.8,5,188.595,2.624,104.640
3962.8,56.89,0.0,91.1,0.5,5,191.019,2.638,107.105
3962.8,56.01,0.0,92.4,-0.1,5,192.606,2.648,108.712
3962.8,54.61,0.0,90.0,0.2,0,194.946,2.663,111.068
3962.8,53.73,45.0,91.0,0.5,0,196.479,2.674,112.602
3973.7,52.38,0.0,90.7,0.9,4,198.739,2.692,114.848
3973.7,51.47,0.0,90.6,0.9,4,200.219,2.705,116.307
3973.7,50.13,0.0,90.1,1.4,4,202.401,2.728,118.439
3973.7,49.24,0.0,90.5,1.8,4,203.831,2.745,119.822
3983.8,47.92,0.0,90.3,2.5,4,205.938,2.771,121.840
3983.8,46.60,0.0,90.4,2.3,4,208.001,2.796,123.789
3983.8,45.74,0.0,90.1,2.7,0,209.351,2.813,125.051
3983.8,44.47,0.0,88.3,2.5,3,211.342,2.837,126.887
3993.0,43.63,0.0,86.7,2.3,3,212.647,2.852,128.073
3993.0,42.38,0.0,83.2,2.7,3,214.571,2.873,129.795
3993.0,41.57,0.0,80.8,1.9,3,215.832,2.885,130.907
3993.0,40.42,0.0,71.6,0.6,3,217.694,2.902,132.516
4001.4,39.72,0.0,61.0,-0.4,3,218.919,2.911,133.552
4001.4,38.78,0.0,49.7,-2.4,3,220.738,2.922,135.050
4001.4,38.23,0.0,44.5,-3.1,3,221.942,2.928,136.011
4001.4,37.50,0.0,38.4,-2.4,3,223.743,2.934,137.398
4009.1,37.04,0.0,36.3,-0.9,3,224.941,2.937,138.287
4009.1,36.42,0.0,33.5,3.8,3,226.736,2.940,139.568
4009.1,35.86,39.8,32.5,10.8,0,228.528,2.940,140.790
4009.1,35.51,0.0,33.0,13.5,2,229.721,2.940,141.576
4016.3,34.93,0.0,32.4,15.5,2,231.506,2.937,142.709
4016.3,34.55,0.0,32.0,16.1,2,232.692,2.934,143.434
4016.3,33.99,0.0,30.4,16.1,2,234.467,2.928,144.475
4016.3,33.63,0.0,29.7,15.8,2,235.647,2.923,145.137
4023.1,33.09,0.0,28.1,16.0,2,237.414,2.915,146.081
4023.1,32.76,0.0,22.5,16.3,2,238.589,2.909,146.677
4023.1,32.34,0.0,16.0,16.5,2,240.350,2.900,147.521
4023.1,32.10,0.0,14.0,17.5,2,241.525,2.893,148.051
4029.4,31.80,0.0,8.4,20.3,2,243.291,2.883,148.798
4029.4,31.63,0.0,6.2,22.2,2,244.471,2.876,149.264
4029.4,31.40,0.0,5.9,24.9,2,246.246,2.866,149.916
4029.4,31.26,0.0,2.5,26.6,2,247.433,2.860,150.318
4035.5,31.08,0.0,1.2,28.4,2,249.219,2.850,150.873
4035.5,30.91,0.0,2.1,29.8,2,251.012,2.840,151.369
4035.5,30.79,0.0,1.3,30.8,2,252.210,2.832,151.667
4041.5,30.63,3.9,0.0,31.4,2,254.010,2.820,152.061
4041.5,30.53,2.8,0.0,31.3,2,255.212,2.812,152.288
4041.5,30.36,0.2,0.4,32.2,2,257.016,2.800,152.573
4041.5,30.26,5.8,0.0,32.9,2,258.219,2.792,152.727
4047.6,30.13,5.3,0.0,33.6,2,260.022,2.781,152.900
4047.6,30.03,2.0,0.0,34.5,2,261.223,2.774,152.979
4047.6,29.89,8.8,0.0,35.7,2,263.020,2.765,153.041
4047.6,29.81,7.8,0.0,36.2,2,264.214,2.759,153.045
4054.8,29.68,7.1,0.0,37.2,2,265.998,2.751,152.993
4054.8,29.60,9.8,0.0,37.7,2,267.182,2.747,152.920
4054.8,29.48,6.5,0.0,38.4,2,268.947,2.743,152.753
4054.8,29.35,8.4,0.0,40.9,2,270.696,2.741,152.519
4061.7,29.28,8.8,0.0,43.6,2,271.853,2.741,152.326
4061.7,29.14,6.4,0.0,47.4,2,273.572,2.741,151.982
4061.7,29.05,12.7,0.0,49.8,2,274.705,2.743,151.717
4061.7,28.94,12.7,0.0,51.0,2,276.384,2.748,151.263
4068.6,28.87,10.9,0.0,51.6,2,277.490,2.753,150.924
4068.6,28.76,15.6,0.0,54.7,2,279.124,2.763,150.361
4068.6,28.70,14.1,0.0,56.2,2,280.198,2.772,149.950
4068.6,28.59,20.9,0.0,57.3,2,281.780,2.787,149.281
4076.7,28.56,23.0,0.0,58.1,2,282.816,2.799,148.799
4076.7,28.49,24.9,0.0,56.4,2,284.338,2.824,148.019
4076.7,28.49,27.6,0.0,54.5,2,285.333,2.842,147.464
4076.7,28.50,31.3,0.0,53.3,2,286.796,2.872,146.579
4083.3,28.54,38.4,0.0,53.0,2,287.751,2.893,145.957
4083.3,28.65,38.1,0.0,53.0,2,289.157,2.925,144.974
4083.3,28.69,32.4,0.0,52.2,2,290.527,2.958,143.935
4083.3,28.75,41.4,0.0,51.4,2,291.419,2.981,143.212
4090.0,28.90,46.0,0.0,50.7,2,292.727,3.017,142.080
4090.0,28.98,38.7,0.0,49.9,2,293.578,3.043,141.296
4090.0,29.07,40.1,0.0,48.2,2,294.822,3.081,140.079
4090.0,29.15,45.2,0.0,45.7,2,295.629,3.107,139.241
4095.6,29.34,53.1,0.0,40.6,2,296.808,3.145,137.942
4095.6,29.49,54.6,0.0,36.6,2,297.572,3.169,137.049
4095.6,29.69,48.1,0.0,30.0,2,298.687,3.204,135.668
4095.6,29.80,44.5,0.0,24.5,2,299.406,3.225,134.721
4101.2,29.92,36.9,0.0,15.8,2,300.447,3.255,133.263
4101.2,29.99,36.5,0.0,10.4,2,301.116,3.273,132.268
4101.2,30.13,45.0,0.0,4.5,2,302.079,3.298,130.745
4101.2,30.27,50.4,0.0,2.7,2,302.698,3.313,129.708
4106.9,30.55,60.4,0.0,2.9,2,303.592,3.334,128.119
4106.9,30.93,72.3,0.0,6.1,2,304.450,3.352,126.488
4106.9,31.21,73.9,0.0,9.2,2,305.004,3.363,125.377
4106.9,31.65,71.4,0.0,13.1,2,305.811,3.378,123.673
4113.0,31.92,70.5,0.0,15.3,2,306.331,3.388,122.513
4113.0,32.33,70.2,0.0,18.0,2,307.084,3.402,120.740
4113.0,32.60,69.7,0.0,19.0,2,307.568,3.411,119.536
4113.0,32.99,70.5,0.0,19.3,2,308.266,3.423,117.697
4119.4,33.28,77.9,0.0,19.1,2,308.711,3.431,116.450
4119.4,33.72,78.3,0.0,18.6,2,309.346,3.442,114.544
4119.4,34.01,73.0,0.0,16.9,2,309.747,3.448,113.251
4119.4,34.39,71.1,0.0,13.4,2,310.310,3.459,111.278
4126.1,34.65,68.3,0.0,11.2,2,310.659,3.467,109.942
4126.1,35.06,71.8,0.0,9.9,2,311.140,3.479,107.909
4126.1,35.32,73.6,0.0,9.8,2,311.434,3.488,106.533
4126.1,35.73,72.9,0.0,10.6,2,311.831,3.502,104.440
4133.2,36.13,72.7,0.0,12.1,2,312.175,3.519,102.313
4133.2,36.34,48.6,0.0,16.5,2,312.374,3.532,100.877
4133.2,36.35,6.7,4.4,17.6,2,312.625,3.552,98.709
4133.2,36.21,0.0,10.9,16.2,2,312.759,3.566,97.264
4140.4,35.83,0.0,32.0,12.1,2,312.914,3.589,95.106
4140.4,35.43,0.0,42.7,8.5,2,312.990,3.606,93.682
4140.4,34.71,0.0,53.4,3.8,2,313.069,3.633,91.578
4140.4,34.14,0.0,62.0,2.0,2,313.103,3.653,90.200
4147.3,33.18,0.0,69.8,-0.2,2,313.133,3.685,88.178
4147.3,32.49,0.0,72.2,-2.5,2,313.143,3.707,86.864
4147.3,31.43,0.0,72.8,-6.3,2,313.151,3.740,84.944
4147.3,30.71,0.0,74.7,-8.2,2,313.156,3.763,83.700
4153.5,29.64,0.0,70.9,-10.5,2,313.170,3.797,81.888
4153.5,28.94,0.0,61.8,-11.9,2,313.186,3.818,80.715
4153.5,28.06,0.0,45.0,-13.9,0,313.226,3.850,79.006
4159.0,27.43,0.0,33.5,-16.0,1,313.291,3.880,77.341
4159.0,27.04,0.0,28.8,-17.1,1,313.353,3.898,76.253
4159.0,26.53,0.0,21.9,-19.6,1,313.473,3.924,74.650
4159.0,26.24,0.0,18.0,-21.8,1,313.572,3.939,73.599
4164.1,25.87,0.0,13.1,-24.9,1,313.755,3.961,72.046
4164.1,25.65,0.0,13.0,-26.2,1,313.899,3.974,71.025
4164.1,25.34,0.0,11.1,-27.8,1,314.150,3.992,69.516
4164.1,25.14,0.0,9.8,-28.8,1,314.340,4.003,68.524
4169.1,24.87,0.0,9.6,-30.4,1,314.662,4.019,67.058
4169.1,24.69,0.0,9.4,-30.7,1,314.901,4.028,66.096
4169.1,24.42,0.0,8.6,-31.6,1,315.295,4.041,64.676
4169.1,24.25,0.0,8.0,-32.7,1,315.581,4.048,63.746
4174.0,23.99,0.0,6.9,-34.1,1,316.046,4.057,62.375
4174.0,23.75,0.0,7.3,-34.6,1,316.556,4.065,61.036
4174.0,23.59,0.0,6.0,-35.1,1,316.919,4.070,60.162
4174.0,23.37,0.0,3.8,-36.3,1,317.500,4.075,58.878
4178.6,23.24,0.0,2.7,-37.1,1,317.910,4.077,58.041
4178.6,23.05,0.0,4.0,-38.4,1,318.562,4.079,56.814
4178.6,22.92,0.0,3.2,-40.0,1,319.019,4.080,56.016
4178.6,22.73,0.0,2.0,-41.1,1,319.738,4.079,54.851
4183.1,22.62,0.0,1.4,-41.2,1,320.240,4.077,54.095
4183.1,22.46,0.0,3.9,-41.0,1,321.025,4.073,52.994
4183.1,22.32,0.0,3.5,-41.8,1,321.569,4.070,52.282
4183.1,22.13,0.0,3.6,-42.0,1,322.416,4.063,51.251
4187.3,22.01,0.0,3.8,-41.3,1,322.999,4.058,50.588
4187.3,21.83,0.0,4.0,-40.6,1,323.902,4.049,49.631
4187.3,21.70,0.0,5.9,-40.8,1,324.521,4.043,49.019
4187.3,21.49,0.0,5.1,-42.1,1,325.472,4.034,48.140
4191.3,21.29,0.0,3.9,-44.2,1,326.450,4.023,47.308
4191.3,21.17,0.0,3.1,-45.8,1,327.115,4.015,46.780
4191.3,21.00,0.0,3.0,-47.1,1,328.133,4.003,46.028
4191.3,20.89,1.5,0.5,-51.6,1,328.824,3.994,45.555
4195.5,20.83,24.4,0.0,-56.0,1,329.881,3.980,44.887
4195.5,20.90,37.7,0.0,-57.0,1,330.604,3.970,44.470
4195.5,21.13,50.5,0.0,-57.4,1,331.717,3.955,43.880
4195.5,21.32,54.6,0.0,-51.1,1,332.480,3.945,43.510
4200.0,21.52,32.5,0.0,-43.4,1,333.658,3.930,42.995
4200.0,21.64,37.5,0.0,-36.9,1,334.461,3.920,42.679
4200.0,21.93,51.7,0.0,-31.0,1,335.692,3.905,42.243
4200.0,22.33,61.7,0.0,-33.0,1,336.960,3.891,41.851
4205.0,22.60,53.4,0.0,-34.2,1,337.826,3.882,41.613
4205.0,22.91,47.8,0.0,-37.2,1,339.153,3.868,41.293
4205.0,23.11,46.2,0.0,-40.0,1,340.054,3.860,41.107
4205.0,23.37,43.4,0.0,-45.2,1,341.427,3.848,40.869
4210.3,23.61,43.8,0.0,-49.0,1,342.824,3.837,40.682
4210.3,23.76,45.8,0.0,-55.7,1,343.766,3.830,40.587
4210.3,24.03,48.7,0.0,-65.0,1,345.196,3.820,40.491
4210.3,24.19,44.4,0.0,-71.0,1,346.159,3.812,40.458
4216.1,24.35,33.8,0.0,-80.2,1,347.616,3.803,40.459
4216.1,24.39,26.2,0.0,-87.2,1,348.589,3.797,40.495
4216.1,24.31,12.9,0.0,-92.0,1,350.047,3.790,40.602
4216.1,24.19,12.4,0.0,-93.1,1,351.011,3.786,40.710
4222.0,24.06,12.4,0.0,-87.3,1,352.443,3.782,40.925
4222.0,23.98,11.5,0.0,-86.9,1,353.388,3.779,41.103
4222.0,23.86,11.6,0.0,-93.2,1,354.787,3.777,41.422
4222.0,23.75,11.5,0.0,-90.8,1,355.707,3.776,41.668
4227.8,23.62,11.3,0.0,-85.6,1,357.065,3.774,42.086
4227.8,23.53,11.4,0.0,-85.1,1,357.956,3.774,42.397
4227.8,23.40,12.2,0.0,-89.5,1,359.267,3.775,42.910
4233.3,23.27,11.6,0.0,-89.2,1,360.548,3.778,43.477
4233.3,23.19,11.5,0.0,-86.8,1,361.383,3.780,43.884
4233.3,23.07,12.4,0.0,-82.6,1,362.608,3.785,44.536
4233.3,23.00,14.5,0.0,-79.9,1,363.404,3.789,45.000
4238.4,22.93,18.6,0.0,-73.2,1,364.569,3.796,45.736
4238.4,22.92,23.9,0.0,-66.5,1,365.325,3.801,46.254
4238.4,23.02,48.2,0.0,-49.5,1,366.431,3.810,47.073
4238.4,23.27,58.2,0.0,-36.1,1,367.156,3.816,47.648
4243.2,23.65,63.2,0.0,-17.4,1,368.230,3.824,48.555
4243.2,23.99,74.0,0.0,-8.7,1,368.942,3.829,49.187
4243.2,24.58,76.9,0.0,-4.7,1,370.015,3.838,50.171
4243.2,24.99,77.8,0.0,-6.2,1,370.734,3.843,50.852
4248.1,25.61,77.7,0.0,-10.8,1,371.822,3.851,51.910
4248.1,26.02,78.5,0.0,-14.2,1,372.552,3.857,52.640
4248.1,26.63,79.1,0.0,-17.7,1,373.653,3.865,53.770
4248.1,27.24,78.5,0.0,-18.3,1,374.759,3.872,54.947
4253.2,27.64,79.1,0.0,-18.1,1,375.496,3.877,55.759
4253.2,28.26,81.2,0.0,-18.3,1,376.601,3.884,57.020
4253.2,28.66,80.4,0.0,-20.8,1,377.334,3.889,57.889
4253.2,29.23,75.5,0.0,-20.9,1,378.426,3.896,59.238
4258.7,29.59,74.7,0.0,-20.0,1,379.145,3.900,60.168
4258.7,30.11,72.6,0.0,-16.2,1,380.208,3.906,61.609
4258.7,30.44,77.3,0.0,-13.4,1,380.903,3.910,62.599
4258.7,30.96,74.4,0.0,-11.5,1,381.929,3.914,64.127
4264.5,31.32,83.9,0.0,-10.9,1,382.601,3.917,65.175
4264.5,31.90,83.4,0.0,-10.4,1,383.590,3.920,66.792
4264.5,32.29,87.5,0.0,-11.3,1,384.238,3.922,67.899
4264.5,32.51,0.0,0.0,-10.9,0,385.187,3.925,69.601
4270.8,32.88,84.3,0.0,-10.8,2,386.095,3.928,71.335
4270.8,33.25,84.4,0.0,-11.1,2,386.688,3.930,72.517
4270.8,33.78,84.7,0.0,-11.7,2,387.561,3.933,74.327
4270.8,34.14,84.9,0.0,-11.7,2,388.133,3.934,75.559
4277.4,34.67,85.1,0.0,-11.4,2,388.975,3.936,77.442
4277.4,35.03,85.2,0.0,-11.1,2,389.527,3.936,78.722
4277.4,35.56,85.4,0.0,-10.7,2,390.339,3.935,80.677
4277.4,35.92,84.7,0.0,-10.1,2,390.868,3.933,82.004
4284.4,36.43,83.3,0.0,-9.3,2,391.645,3.929,84.030
4284.4,36.77,84.1,0.0,-8.8,2,392.150,3.924,85.403
4284.4,37.25,86.0,0.0,-7.1,2,392.887,3.916,87.496
4284.4,37.63,86.1,0.0,-6.1,2,393.366,3.911,88.915
4291.7,38.16,86.2,0.0,-5.7,2,394.063,3.905,91.078
4291.7,38.48,86.4,0.0,-5.9,2,394.514,3.902,92.542
4291.7,39.00,86.4,0.0,-6.9,2,395.175,3.899,94.770
4291.7,39.51,86.5,0.0,-7.6,2,395.817,3.897,97.035
4299.3,39.84,86.7,0.0,-6.9,2,396.234,3.896,98.565
4299.3,40.34,86.7,0.0,-5.8,2,396.844,3.893,100.891
4299.3,40.67,86.8,0.0,-5.2,2,397.241,3.891,102.461
4299.3,41.15,86.9,0.0,-4.9,2,397.819,3.888,104.845
4307.3,41.47,86.9,0.0,-4.7,2,398.195,3.886,106.454
4307.3,41.81,0.0,0.0,-4.7,0,398.745,3.883,108.893
4307.3,41.82,85.2,0.0,-4.7,3,399.100,3.881,110.527
4307.3,42.26,85.3,0.0,-4.7,3,399.617,3.878,112.995
4315.5,42.69,85.5,0.0,-5.3,3,400.118,3.874,115.493
4315.5,42.99,85.5,0.0,-5.7,3,400.443,3.871,117.175
4315.5,43.43,85.7,0.0,-6.2,3,400.915,3.867,119.723
4315.5,43.71,85.7,0.0,-6.5,3,401.217,3.864,121.438
4324.1,44.14,85.8,0.0,-6.9,3,401.652,3.861,124.037
4324.1,44.42,85.9,0.0,-7.1,3,401.929,3.858,125.786
4324.1,44.84,86.0,0.0,-7.0,3,402.320,3.854,128.434
4324.1,45.12,86.1,0.0,-6.9,3,402.565,3.850,130.216
4332.8,45.54,86.2,0.0,-6.9,3,402.907,3.845,132.914
4332.8,45.81,86.3,0.0,-7.0,3,403.117,3.841,134.728
4332.8,46.23,86.4,0.0,-7.2,3,403.405,3.835,137.473
4332.8,46.49,86.6,0.0,-7.3,3,403.578,3.832,139.319
4341.9,46.89,86.8,0.0,-7.6,3,403.809,3.826,142.110
4341.9,47.15,86.9,0.0,-7.9,3,403.944,3.821,143.985
4341.9,47.54,87.1,0.0,-8.0,3,404.115,3.814,146.821
4341.9,47.81,87.2,0.0,-7.8,3,404.207,3.810,148.725
4351.2,48.18,87.3,0.0,-8.1,3,404.312,3.804,151.602
4351.2,48.57,87.5,0.0,-8.9,3,404.374,3.799,154.503
4351.2,48.81,87.6,0.0,-9.3,3,404.392,3.795,156.450
4351.2,49.05,87.7,0.0,-9.6,3,404.390,3.791,158.407
4360.8,49.41,87.9,0.0,-10.2,3,404.345,3.785,161.360
4360.8,49.51,0.0,0.0,-11.3,0,404.251,3.779,164.329
4360.8,49.62,86.2,0.0,-11.3,4,404.158,3.774,166.308
4370.6,49.94,86.4,0.0,-11.4,4,403.973,3.766,169.288
4370.6,50.15,86.5,0.0,-11.6,4,403.817,3.762,171.283
4370.6,50.46,86.6,0.0,-10.7,4,403.534,3.755,174.288
4370.6,50.67,86.8,0.0,-9.8,4,403.313,3.750,176.298
4380.6,51.00,86.9,0.0,-9.2,4,402.934,3.742,179.324
4380.6,51.21,87.0,0.0,-9.4,4,402.650,3.736,181.347
4380.6,51.52,87.2,0.0,-10.8,4,402.176,3.727,184.392
4380.6,51.84,87.3,0.0,-11.3,4,401.645,3.719,187.446
4391.0,52.04,87.4,0.0,-11.3,4,401.259,3.713,189.487
4391.0,52.34,87.6,0.0,-10.8,4,400.628,3.707,192.554
4391.0,52.54,87.7,0.0,-11.3,4,400.173,3.704,194.601
4391.0,52.85,87.8,0.0,-11.4,4,399.438,3.699,197.675
4401.9,53.04,87.9,0.0,-13.0,4,398.912,3.697,199.726
4401.9,53.33,88.0,0.0,-16.2,4,398.065,3.696,202.803
4401.9,53.52,88.2,0.0,-18.4,4,397.462,3.696,204.852
4401.9,53.80,88.3,0.0,-21.5,4,396.501,3.694,207.925
4413.2,53.93,88.5,0.0,-22.6,4,395.821,3.692,209.969
4413.2,54.15,88.6,0.0,-20.3,4,394.734,3.694,213.025
4413.2,54.27,76.8,0.0,-16.6,4,393.963,3.699,215.051
4413.2,54.49,88.6,0.0,-11.6,4,392.740,3.709,218.076
4425.2,54.61,76.3,0.0,-8.6,4,391.883,3.714,220.083
4425.2,54.66,49.5,0.0,-5.1,4,390.533,3.720,223.071
4425.2,54.64,55.6,0.0,-4.4,4,389.102,3.729,226.022
4425.2,54.66,54.8,0.0,-5.1,4,388.105,3.734,227.967
4436.5,54.76,82.8,0.0,-8.3,4,386.546,3.741,230.854
4436.5,54.92,87.7,0.0,-10.6,4,385.466,3.743,232.762
4436.5,55.13,89.1,0.0,-14.5,4,383.782,3.744,235.601
4436.5,55.30,89.2,0.0,-16.6,4,382.616,3.743,237.477
4447.4,55.54,89.2,0.0,-18.7,4,380.805,3.744,240.265
4447.4,55.71,89.3,0.0,-19.3,4,379.556,3.746,242.106
4447.4,55.95,89.4,0.0,-18.6,4,377.624,3.750,244.842
4447.4,56.13,89.5,0.0,-17.0,4,376.298,3.755,246.649
4458.3,56.38,89.6,0.0,-14.2,4,374.254,3.763,249.334
4458.3,56.55,89.6,0.0,-12.0,4,372.855,3.768,251.106
4458.3,56.81,89.8,0.0,-8.7,4,370.704,3.777,253.739
4458.3,56.99,89.8,0.0,-7.3,4,369.235,3.783,255.477
4469.5,57.26,89.9,0.0,-7.2,4,366.982,3.792,258.059
4469.5,57.52,90.0,0.0,-7.4,4,364.676,3.800,260.616
4469.5,57.71,90.0,0.0,-6.4,4,363.111,3.805,262.307
4469.5,57.98,90.1,0.0,-4.8,4,360.724,3.810,264.826
4481.0,58.17,90.2,0.0,-4.3,4,359.108,3.814,266.495
4481.0,58.43,90.3,0.0,-4.7,4,356.651,3.818,268.983
4481.0,58.62,90.4,0.0,-5.0,4,354.992,3.818,270.634
4481.0,58.89,90.5,0.0,-5.6,4,352.471,3.819,273.098
4492.7,59.06,90.6,0.0,-5.7,4,350.770,3.820,274.732
4492.7,59.32,90.7,0.0,-6.5,4,348.186,3.823,277.168
4492.7,59.40,0.0,0.0,-6.0,0,346.444,3.825,278.782
4492.7,59.44,89.3,0.0,-5.1,5,343.807,3.826,281.178
4504.5,59.60,89.4,0.0,-3.4,5,342.030,3.829,282.762
4504.5,59.83,89.4,0.0,-2.3,5,339.335,3.831,285.121
4504.5,60.09,89.5,0.0,-1.4,5,336.605,3.831,287.463
4504.5,60.25,89.6,0.0,-0.7,5,334.768,3.832,289.017
4516.5,60.48,89.7,0.0,-0.2,5,331.989,3.831,291.338
4516.5,60.64,89.8,0.0,-0.4,5,330.123,3.830,292.882
4516.5,60.89,89.9,0.0,-0.4,5,327.309,3.828,295.199
4516.5,61.05,89.9,0.0,-0.1,5,325.423,3.827,296.745
4528.6,61.29,90.0,0.0,0.3,5,322.584,3.827,299.070
4528.6,61.45,90.1,0.0,0.5,5,320.685,3.826,300.624
4528.6,61.69,90.1,0.0,0.6,5,317.827,3.825,302.965
4528.6,61.85,90.2,0.0,0.7,5,315.917,3.824,304.531
4540.9,62.08,90.3,0.0,0.8,5,313.044,3.828,306.891
4540.9,62.31,90.4,0.0,0.9,5,310.165,3.835,309.264
4540.9,62.47,90.4,0.0,0.8,5,308.241,3.838,310.853
4553.3,62.71,90.5,0.0,0.8,5,305.350,3.843,313.250
4553.3,62.86,90.5,0.0,0.9,5,303.420,3.848,314.856
4553.3,63.10,90.6,0.0,0.9,5,300.520,3.857,317.277
4553.3,63.24,90.7,0.0,1.0,5,298.583,3.861,318.900
4565.9,63.48,90.7,0.0,1.1,5,295.674,3.866,321.347
4565.9,63.63,90.8,0.0,1.0,5,293.732,3.869,322.987
4565.9,63.86,90.8,0.0,0.8,5,290.816,3.870,325.459
4565.9,64.01,90.9,0.0,0.8,5,288.868,3.866,327.116
4578.7,64.22,91.0,0.0,0.7,5,285.944,3.860,329.615
4578.7,64.37,91.0,0.0,0.7,5,283.992,3.857,331.289
4578.7,64.59,91.1,0.0,0.7,5,281.060,3.848,333.813
4578.7,64.74,91.1,0.0,0.6,5,279.103,3.842,335.503
4591.6,64.94,91.2,0.0,0.5,5,276.163,3.839,338.051
4591.6,65.17,91.3,0.0,0.3,5,273.218,3.838,340.612
4591.6,65.31,91.3,0.0,0.3,5,271.251,3.839,342.327
4591.6,65.52,91.4,0.0,0.2,5,268.295,3.843,344.909
4604.7,65.67,91.4,0.0,0.1,5,266.321,3.845,346.636
4604.7,65.87,91.5,0.0,0.1,5,263.354,3.852,349.237
4604.7,66.01,91.5,0.0,0.0,5,261.372,3.858,350.977
4604.7,66.22,91.6,0.0,0.1,5,258.392,3.869,353.595
4617.9,66.36,91.6,0.0,0.1,5,256.401,3.877,355.346
4617.9,66.55,91.7,0.0,0.3,5,253.407,3.890,357.978
4617.9,66.70,91.7,0.0,0.1,5,251.406,3.897,359.738
4617.9,66.90,91.8,0.0,-0.2,5,248.397,3.911,362.385
4631.2,67.03,91.8,0.0,-0.0,5,246.387,3.921,364.155
4631.2,67.23,91.9,0.0,0.2,5,243.364,3.934,366.816
4631.2,67.36,91.9,0.0,0.2,5,241.344,3.940,368.595
4631.2,67.56,92.0,0.0,0.1,5,238.307,3.949,371.270
4644.7,67.76,92.0,0.0,0.0,5,235.262,3.956,373.954
4644.7,67.89,92.1,0.0,0.0,5,233.227,3.958,375.747
4644.7,68.08,92.1,0.0,0.0,5,230.168,3.959,378.445
4644.7,68.21,92.2,0.0,0.0,5,228.124,3.959,380.247
4658.3,68.39,92.2,0.0,0.0,5,225.051,3.955,382.958
4658.3,68.52,92.3,0.0,0.0,5,222.998,3.952,384.770
4658.3,68.70,92.3,0.0,0.0,5,219.912,3.947,387.494
4658.3,68.83,92.3,0.0,0.1,5,217.850,3.944,389.314
4672.0,69.01,92.4,0.0,0.1,5,214.750,3.940,392.050
4672.0,69.13,92.4,0.0,0.0,5,212.679,3.936,393.878
4672.0,69.31,92.5,0.0,-0.0,5,209.567,3.928,396.627
4672.0,69.43,92.5,0.0,0.0,5,207.488,3.923,398.464
4685.9,69.60,92.6,0.0,0.1,5,204.363,3.917,401.226
4685.9,69.72,92.6,0.0,0.1,5,202.275,3.913,403.071
4685.9,69.89,92.7,0.0,0.1,5,199.137,3.908,405.845
4685.9,69.98,0.0,0.0,0.1,0,195.992,3.904,408.626
4699.8,69.92,91.8,0.0,0.1,6,193.897,3.901,410.479
4699.8,70.09,91.8,0.0,0.1,6,190.751,3.895,413.262
4699.8,70.20,91.9,0.0,0.0,6,188.651,3.891,415.122
4699.8,70.36,91.9,0.0,0.0,6,185.494,3.886,417.917
4713.9,70.47,91.9,0.0,0.1,6,183.385,3.884,419.785
4713.9,70.63,92.0,0.0,0.1,6,180.217,3.882,422.592
4713.9,70.74,92.0,0.0,0.2,6,178.102,3.880,424.468
4713.9,70.91,92.1,0.0,0.2,6,174.923,3.875,427.288
4728.0,71.02,92.1,0.0,0.2,6,172.800,3.871,429.172
4728.0,71.18,92.1,0.0,0.2,6,169.611,3.865,432.005
4728.0,71.28,92.1,0.0,0.2,6,167.482,3.861,433.898
4728.0,71.44,92.2,0.0,0.1,6,164.284,3.858,436.744
4742.2,71.54,92.2,0.0,0.1,6,162.148,3.857,438.646
4742.2,71.70,92.3,0.0,0.1,6,158.941,3.856,441.505
4742.2,71.86,92.3,0.0,0.1,6,155.728,3.857,444.373
4742.2,71.96,92.3,0.0,0.1,6,153.583,3.858,446.288
4756.6,72.11,92.4,0.0,0.2,6,150.360,3.863,449.168
4756.6,72.21,92.4,0.0,0.2,6,148.209,3.866,451.093
4756.6,72.37,92.4,0.0,0.1,6,144.978,3.869,453.985
4756.6,72.46,92.5,0.0,0.1,6,142.820,3.870,455.918
4771.1,72.61,92.5,0.0,0.0,6,139.580,3.874,458.823
4771.1,72.71,92.5,0.0,0.0,6,137.416,3.877,460.764
4771.1,72.86,92.5,0.0,0.0,6,134.167,3.879,463.681
4771.1,72.96,92.6,0.0,0.1,6,131.997,3.880,465.629
4785.6,73.10,92.6,0.0,0.1,6,128.737,3.882,468.557
4785.6,73.20,92.6,0.0,0.1,6,126.561,3.884,470.512
4785.6,73.34,92.7,0.0,0.1,6,123.291,3.886,473.450
4785.6,73.44,92.7,0.0,0.1,6,121.108,3.887,475.413
4800.2,73.58,92.7,0.0,-0.1,6,117.828,3.888,478.361
4800.2,73.67,92.8,0.0,-0.1,6,115.639,3.888,480.330
4800.2,73.82,92.8,0.0,-0.1,6,112.349,3.887,483.289
4815.0,73.96,92.8,0.0,0.0,6,109.053,3.884,486.253
4815.0,74.04,92.9,0.0,0.1,6,106.853,3.881,488.233
4815.0,74.19,92.9,0.0,0.0,6,103.546,3.874,491.206
4815.0,74.28,92.9,0.0,0.1,6,101.338,3.869,493.191
4829.8,74.41,92.9,0.0,-0.0,6,98.020,3.860,496.172
4829.8,74.50,93.0,0.0,-0.0,6,95.805,3.854,498.163
4829.8,74.64,93.0,0.0,-0.0,6,92.478,3.843,501.154
4829.8,74.74,93.0,0.0,-0.0,6,90.256,3.833,503.151
4844.8,74.87,93.0,0.0,-0.0,6,86.918,3.817,506.151
4844.8,74.96,93.1,0.0,-0.1,6,84.689,3.805,508.154
4844.8,75.09,93.1,0.0,-0.1,6,81.341,3.785,511.163
4844.8,75.18,93.1,0.0,-0.1,6,79.106,3.772,513.171
4859.8,75.31,93.1,0.0,-0.1,6,75.749,3.751,516.189
4859.8,75.40,93.2,0.0,-0.1,6,73.507,3.737,518.203
4859.8,75.53,93.2,0.0,-0.0,6,70.139,3.715,521.229
4859.8,75.66,93.2,0.0,-0.0,6,66.764,3.693,524.259
4874.9,75.74,93.2,0.0,-0.1,6,64.511,3.676,526.281
4874.9,75.87,93.3,0.0,-0.1,6,61.125,3.650,529.319
4874.9,75.96,93.3,0.0,0.0,6,58.865,3.632,531.346
4874.9,76.09,93.3,0.0,-0.0,6,55.469,3.602,534.391
4890.1,76.17,93.3,0.0,-0.0,6,53.201,3.580,536.422
4890.1,76.29,93.4,0.0,0.0,6,49.794,3.546,539.473
4890.1,76.37,93.4,0.0,0.1,6,47.519,3.522,541.510
4890.1,76.50,93.4,0.0,0.2,6,44.103,3.484,544.568
4905.3,76.58,93.4,0.0,0.3,6,41.822,3.457,546.610
4905.3,76.70,93.5,0.0,0.3,6,38.397,3.413,549.678
4905.3,76.79,93.5,0.0,0.2,6,36.111,3.381,551.727
4905.3,76.88,52.9,0.0,0.2,6,32.680,3.325,554.806
4920.7,76.66,0.0,0.0,0.1,6,29.253,3.271,557.886
4920.7,76.49,0.0,0.0,0.1,6,26.976,3.233,559.934
4920.7,76.23,0.0,0.0,0.1,6,23.571,3.176,563.000
4920.7,76.06,0.0,0.0,-0.0,6,21.308,3.138,565.039
4935.9,75.79,0.0,0.0,-0.1,6,17.924,3.080,568.089
4935.9,75.62,0.0,0.0,-0.1,6,15.675,3.041,570.116
4935.9,75.35,0.0,0.0,-0.2,6,12.311,2.983,573.150
4935.9,75.18,0.0,0.0,-0.4,6,10.075,2.946,575.166
4951.0,74.93,0.0,0.0,-0.3,6,6.729,2.890,578.180
4951.0,74.75,0.0,0.0,-0.5,6,4.504,2.856,580.182
4951.0,74.51,0.0,0.0,-0.8,6,1.173,2.803,583.175
4951.0,74.35,0.0,0.0,-0.8,6,-1.043,2.764,585.164
4965.9,74.10,0.0,0.0,-0.8,6,-4.361,2.706,588.134
4965.9,73.93,0.0,0.0,-0.6,6,-6.569,2.669,590.106
4965.9,73.68,0.0,0.0,-0.6,6,-9.877,2.614,593.050
4965.9,73.44,0.0,1.6,-0.9,6,-13.180,2.559,595.978
4980.7,73.18,0.0,49.7,-1.0,6,-15.379,2.524,597.921
4980.7,72.18,0.0,77.4,-0.9,6,-18.653,2.474,600.806
4980.7,71.36,0.0,85.5,-0.7,6,-20.812,2.441,602.701
4980.7,69.99,0.0,88.5,-0.9,6,-24.006,2.390,605.495
4995.0,69.08,0.0,90.4,-1.0,6,-26.104,2.356,607.324
4995.0,67.69,0.0,90.8,-0.9,6,-29.204,2.304,610.016
4995.0,66.76,0.0,90.7,-0.9,6,-31.240,2.272,611.774
4995.0,65.37,0.0,90.9,-1.0,6,-34.249,2.225,614.359
5008.5,64.45,0.0,91.1,-1.2,0,-36.225,2.196,616.046
5008.5,63.10,0.0,92.3,-1.2,5,-39.144,2.152,618.523
5008.5,62.18,0.0,92.7,-1.3,5,-41.061,2.123,620.139
5008.5,60.78,0.0,90.6,-1.6,5,-43.891,2.080,622.508
5021.0,59.87,0.0,91.0,-1.5,5,-45.748,2.052,624.051
5021.0,58.51,0.0,91.1,-2.2,5,-48.491,2.009,626.311
5021.0,57.15,0.0,90.1,-2.9,5,-51.183,1.967,628.504
5021.0,56.26,0.0,91.0,-3.5,5,-52.951,1.940,629.927
5032.6,54.90,0.0,90.5,-4.1,0,-55.563,1.901,632.004
5032.6,54.04,39.3,92.0,-4.3,0,-57.279,1.875,633.349
5032.6,52.69,0.0,90.1,-4.0,4,-59.817,1.838,635.306
5032.6,51.82,0.0,84.4,-3.7,4,-61.484,1.813,636.569
5043.3,50.56,0.0,72.8,-2.4,4,-63.951,1.775,638.403
5043.3,49.82,0.0,59.8,-1.5,4,-65.576,1.751,639.583
5043.3,48.89,0.0,48.0,-0.6,4,-67.997,1.715,641.290
5043.3,48.35,0.0,43.0,-0.7,4,-69.603,1.692,642.388
5053.1,47.62,0.0,40.7,-2.8,4,-72.005,1.657,643.975
5053.1,47.14,0.0,41.1,-4.6,4,-73.603,1.634,644.995
5053.1,46.43,0.0,41.9,-7.7,4,-75.994,1.601,646.470
5053.1,45.97,0.0,39.7,-9.5,4,-77.582,1.580,647.416
5062.4,45.31,0.0,35.1,-10.7,4,-79.955,1.547,648.783
5062.4,44.72,0.0,26.7,-10.1,4,-82.321,1.515,650.088
5062.4,44.39,0.0,21.1,-9.9,4,-83.896,1.495,650.923
5071.2,43.98,0.0,18.1,-11.1,4,-86.258,1.463,652.126
5071.2,43.71,0.0,14.8,-11.8,4,-87.834,1.441,652.897
5071.2,43.36,0.0,25.2,-12.7,0,-90.202,1.408,654.002
5071.2,43.06,42.8,34.3,-13.2,0,-91.782,1.386,654.706
5079.8,42.43,0.0,36.0,-12.8,3,-94.144,1.354,655.709
5079.8,42.03,0.0,27.0,-12.1,3,-95.711,1.334,656.342
5079.8,41.54,0.0,14.0,-11.7,3,-98.053,1.304,657.235
5079.8,41.31,0.0,9.8,-12.4,3,-99.614,1.284,657.794
5088.1,41.04,0.0,5.1,-14.6,3,-101.956,1.254,658.581
5088.1,40.89,0.0,3.9,-16.5,3,-103.519,1.234,659.072
5088.1,40.68,0.0,1.4,-18.4,3,-105.868,1.204,659.755
5088.1,40.50,0.0,1.3,-19.5,3,-108.223,1.174,660.377
5096.5,40.38,0.0,1.1,-20.1,3,-109.796,1.155,660.756
5096.5,40.20,0.0,1.5,-20.1,3,-112.157,1.126,661.273
5096.5,40.07,0.0,2.1,-19.7,3,-113.733,1.107,661.582
5096.5,39.88,0.0,1.4,-19.9,3,-116.097,1.079,661.989
5104.8,39.76,0.0,1.8,-20.1,3,-117.672,1.061,662.223
5104.8,39.57,0.0,1.5,-19.8,3,-120.034,1.034,662.519
5104.8,39.44,0.0,1.3,-19.1,3,-121.606,1.017,662.679
5104.8,39.25,0.0,2.1,-18.5,3,-123.960,0.993,662.860
5112.9,39.13,0.0,1.7,-18.8,3,-125.525,0.978,662.943
5112.9,38.94,0.0,1.7,-19.6,3,-127.866,0.957,663.012
5112.9,38.81,0.0,1.4,-20.3,3,-129.422,0.943,663.022
5112.9,38.63,0.0,1.4,-21.2,3,-131.745,0.922,662.984
5121.0,38.51,0.0,1.5,-21.3,3,-133.287,0.908,662.922
5121.0,38.33,0.0,1.0,-21.2,3,-135.588,0.888,662.776
5121.0,38.15,0.0,0.9,-21.9,3,-137.873,0.869,662.564
5121.0,38.03,0.2,0.1,-22.4,3,-139.386,0.857,662.388
5128.9,37.86,1.1,0.0,-22.5,3,-141.640,0.838,662.070
5128.9,37.75,1.2,0.0,-22.5,3,-143.132,0.826,661.823
5128.9,37.58,2.4,0.0,-22.6,3,-145.352,0.809,661.399
5128.9,37.47,1.2,0.0,-22.8,3,-146.819,0.797,661.082
5137.0,37.30,2.4,0.0,-23.9,3,-148.999,0.781,660.553
5137.0,37.20,2.0,0.0,-24.6,3,-150.438,0.770,660.166
5137.0,37.04,3.2,0.0,-25.4,3,-152.574,0.754,659.535
5137.0,36.93,2.9,0.0,-26.0,3,-153.982,0.744,659.080
5145.1,36.77,2.8,0.0,-26.9,3,-156.069,0.728,658.347
5145.1,36.67,4.1,0.0,-27.4,3,-157.442,0.718,657.826
5145.1,36.50,1.4,0.0,-27.6,3,-159.473,0.704,656.993
5145.1,36.39,4.2,0.0,-27.3,3,-160.807,0.695,656.404
5152.8,36.23,3.5,0.0,-26.2,3,-162.776,0.684,655.470
5152.8,36.12,4.3,0.0,-25.5,3,-164.065,0.678,654.813
5152.8,35.95,7.2,0.0,-23.8,3,-165.964,0.671,653.778
5152.8,35.83,7.1,0.0,-21.0,3,-167.819,0.667,652.685
5160.9,35.74,10.0,0.0,-20.9,3,-169.031,0.668,651.922
5160.9,35.65,9.1,0.0,-22.1,3,-170.817,0.664,650.740
5160.9,35.57,13.9,0.0,-24.8,3,-171.983,0.660,649.923
5160.9,35.50,23.7,0.0,-29.4,3,-173.695,0.657,648.652
5168.6,35.49,27.1,0.0,-33.0,3,-174.810,0.656,647.773
5168.6,35.53,37.8,0.0,-39.3,3,-176.447,0.658,646.410
5168.6,35.58,41.3,0.0,-44.3,3,-177.516,0.659,645.472
5168.6,35.64,29.2,0.0,-44.9,3,-179.085,0.662,644.023
5176.6,35.60,22.9,0.0,-47.6,3,-180.106,0.666,643.029
5176.6,35.54,22.7,0.0,-48.7,3,-181.597,0.671,641.502
5176.6,35.50,19.9,0.0,-48.2,3,-182.563,0.674,640.459
5176.6,35.40,18.1,0.0,-45.5,3,-183.966,0.680,638.861
5184.0,35.32,20.9,0.0,-42.1,3,-185.310,0.689,637.220
5184.0,35.28,27.9,0.0,-42.4,3,-186.175,0.695,636.103
5184.0,35.35,59.1,0.0,-46.4,3,-187.425,0.705,634.394
5184.0,35.53,69.3,0.0,-43.8,3,-188.231,0.712,633.229
5191.4,35.68,36.6,0.0,-44.5,3,-189.402,0.722,631.441
5191.4,35.65,19.1,0.0,-41.6,3,-190.152,0.729,630.227
5191.4,35.56,20.9,0.0,-41.4,3,-191.223,0.741,628.378
5191.4,35.55,32.2,0.0,-37.9,3,-191.901,0.749,627.129
5198.4,35.60,49.0,0.0,-40.1,3,-192.872,0.760,625.228
5198.4,35.66,38.0,0.0,-39.9,3,-193.487,0.766,623.942
5198.4,35.71,45.6,0.0,-35.7,3,-194.360,0.774,621.988
5198.4,35.76,48.9,0.0,-33.2,3,-194.909,0.777,620.669
5205.1,35.82,31.6,0.0,-22.4,3,-195.682,0.782,618.665
5205.1,35.84,38.0,0.0,-23.1,3,-196.162,0.783,617.315
5205.1,35.90,37.0,0.0,-16.3,3,-196.830,0.784,615.269
5212.0,35.96,40.6,0.0,-7.2,3,-197.434,0.784,613.200
5212.0,36.01,43.6,0.0,-2.3,3,-197.800,0.785,611.808
5212.0,36.17,55.6,0.0,-2.1,3,-198.296,0.787,609.701
5212.0,36.33,61.8,0.0,-9.2,3,-198.594,0.788,608.283
5219.1,36.58,66.9,0.0,-19.7,3,-198.990,0.791,606.132
5219.1,36.77,71.5,0.0,-22.4,3,-199.221,0.793,604.684
5219.1,37.11,72.9,0.0,-23.5,3,-199.521,0.797,602.488
5219.1,37.33,76.9,0.0,-22.9,3,-199.689,0.801,601.010
5226.5,37.72,84.0,0.0,-19.5,3,-199.896,0.808,598.768
5226.5,37.95,70.3,0.0,-16.5,3,-200.003,0.814,597.259
5226.5,38.09,23.9,0.0,-10.4,3,-200.116,0.824,594.979
5226.5,38.02,3.2,9.5,-6.9,3,-200.158,0.832,593.457
5234.1,37.72,0.0,16.5,-4.4,3,-200.178,0.846,591.184
5234.1,37.48,0.0,19.2,-3.7,3,-200.168,0.856,589.679
5234.1,37.09,0.0,20.9,-1.6,3,-200.125,0.874,587.442
5234.1,36.64,0.0,28.0,-0.7,3,-200.064,0.893,585.230
5241.5,36.32,0.0,25.7,-0.6,3,-200.017,0.906,583.771
5241.5,35.88,0.0,18.1,1.5,0,-199.943,0.925,581.606
5241.5,35.67,43.2,21.9,4.7,0,-199.894,0.938,580.175
5241.5,35.26,0.0,23.2,8.6,2,-199.828,0.958,578.047
5248.7,34.96,0.0,20.2,10.7,2,-199.794,0.971,576.643
5248.7,34.48,0.0,19.5,12.4,2,-199.764,0.991,574.558
5248.7,34.22,0.0,17.4,12.6,2,-199.762,1.004,573.184
5248.7,33.85,0.0,14.3,13.0,2,-199.787,1.023,571.142
5255.6,33.63,0.0,16.1,13.0,2,-199.823,1.035,569.792
5255.6,33.51,45.2,0.0,17.8,2,-199.910,1.054,567.783
5255.6,33.68,54.7,0.0,22.8,2,-199.990,1.066,566.443
5255.6,33.62,10.8,12.1,28.7,2,-200.152,1.084,564.426
5262.4,33.53,34.1,0.0,27.6,2,-200.289,1.096,563.090
5262.4,33.60,26.5,31.5,26.6,2,-200.543,1.114,561.093
5262.4,33.22,0.0,32.3,29.3,2,-200.855,1.132,559.110
5262.4,32.88,8.4,5.4,31.5,2,-201.091,1.144,557.809
5269.2,32.69,16.7,28.0,30.0,2,-201.496,1.161,555.883
5269.2,32.40,0.0,20.5,28.1,2,-201.799,1.172,554.617
5269.2,31.92,0.0,31.2,28.2,2,-202.301,1.188,552.752
5269.2,31.56,0.0,87.9,28.3,2,-202.666,1.200,551.535
5276.0,30.55,0.0,83.1,24.1,2,-203.247,1.217,549.762
5276.0,29.85,51.4,40.2,21.2,0,-203.646,1.229,548.620
5276.0,29.28,0.0,37.2,19.2,1,-204.274,1.246,546.961
5276.0,28.89,14.9,6.2,17.0,1,-204.718,1.258,545.885
5282.2,28.76,30.4,0.0,15.1,1,-205.428,1.275,544.311
5282.2,28.79,29.2,30.5,15.3,1,-205.935,1.286,543.278
5282.2,28.43,0.0,15.9,18.0,1,-206.744,1.302,541.761
5282.2,28.13,5.1,35.0,20.0,1,-207.308,1.313,540.780
5288.2,27.65,0.0,49.4,23.5,1,-208.186,1.328,539.355
5288.2,27.06,0.0,27.0,25.2,1,-209.095,1.342,537.988
5288.2,26.70,0.0,30.0,25.0,1,-209.717,1.351,537.109
5288.2,26.19,2.8,5.4,23.7,1,-210.668,1.363,535.840
5293.9,26.00,3.4,23.8,23.1,1,-211.316,1.372,535.021
5293.9,25.69,14.8,0.0,52.7,1,-212.311,1.384,533.833
5293.9,25.67,17.8,20.8,71.2,1,-212.995,1.391,533.066
5293.9,25.37,0.0,10.6,88.6,1,-214.050,1.401,531.954
5299.7,25.13,0.4,1.0,83.6,1,-214.769,1.407,531.244
5299.7,24.92,10.7,0.0,72.1,1,-215.873,1.415,530.228
5299.7,24.84,9.4,0.0,63.7,1,-216.629,1.420,529.580
5299.7,24.70,9.3,0.0,50.4,1,-217.791,1.426,528.654
5305.0,24.64,14.5,0.0,40.7,1,-218.585,1.430,528.068
5305.0,24.60,12.6,0.0,26.4,1,-219.803,1.434,527.233
5305.0,24.58,11.2,0.0,19.3,1,-220.631,1.436,526.703
5305.0,24.53,9.0,0.0,14.8,1,-221.892,1.439,525.940
5310.1,24.47,7.1,0.0,16.4,1,-223.169,1.442,525.212
5310.1,24.40,3.5,0.0,18.8,1,-224.027,1.443,524.742
5310.1,24.25,2.9,0.0,23.3,1,-225.753,1.446,523.843
5315.3,24.17,3.4,0.0,25.0,1,-226.622,1.448,523.416
5315.3,24.05,2.6,0.0,27.1,1,-227.934,1.450,522.806
5315.3,23.97,2.8,0.0,28.4,1,-228.814,1.451,522.420
5315.3,23.85,4.2,0.0,29.7,1,-230.142,1.452,521.876
5320.3,23.77,0.9,0.0,30.5,1,-231.032,1.452,521.536
5320.3,23.67,9.2,0.0,29.8,1,-232.374,1.452,521.065
5320.3,23.64,10.7,0.0,25.9,1,-233.275,1.451,520.774
5320.3,23.60,10.7,0.0,22.5,1,-234.634,1.450,520.372
5325.3,23.56,6.4,0.0,22.5,1,-235.544,1.450,520.123
5325.3,23.47,4.9,0.0,23.7,1,-236.913,1.448,519.780
5325.3,23.41,5.8,0.0,24.7,1,-237.827,1.447,519.571
5325.3,23.34,7.9,0.0,26.2,1,-239.200,1.445,519.288
5330.3,23.28,4.2,0.0,27.3,1,-240.117,1.444,519.119
5330.3,23.16,2.8,0.0,28.2,1,-241.493,1.441,518.899
5330.3,23.06,4.6,0.0,28.2,1,-242.869,1.439,518.720
5330.3,23.00,4.6,0.0,28.3,1,-243.785,1.437,518.623
5335.2,22.88,1.5,0.0,28.9,1,-245.157,1.434,518.511
5335.2,22.80,2.1,0.0,29.0,1,-246.069,1.432,518.459
5335.2,22.70,5.6,0.0,28.9,1,-247.433,1.429,518.416
5335.2,22.65,8.9,0.0,28.8,1,-248.340,1.426,518.409
5340.1,22.62,14.3,0.0,28.9,1,-249.698,1.422,518.432
5340.1,22.64,23.8,0.0,29.3,1,-250.602,1.418,518.470
5340.1,22.82,44.0,0.0,30.4,1,-251.962,1.413,518.559
5340.1,23.03,53.2,0.0,31.4,1,-252.875,1.410,518.640
5345.0,23.38,51.0,0.0,33.8,1,-254.258,1.403,518.796
5345.0,23.59,49.9,0.0,34.7,1,-255.188,1.399,518.925
5345.0,23.91,51.3,0.0,34.9,1,-256.594,1.392,519.156
5345.0,24.14,52.8,0.0,35.0,1,-257.537,1.386,519.337
5350.1,24.47,50.3,0.0,34.9,1,-258.961,1.378,519.649
5350.1,24.78,47.3,0.0,34.5,1,-260.392,1.368,520.014
5350.1,24.97,48.2,0.0,33.9,1,-261.348,1.361,520.287
5350.1,25.26,45.2,0.0,23.7,1,-262.784,1.350,520.741
5355.4,25.45,41.6,0.0,20.2,1,-263.742,1.342,521.073
5355.4,25.71,42.0,0.0,21.2,1,-265.179,1.331,521.610
5355.4,25.90,44.0,0.0,27.0,1,-266.137,1.322,521.993
5355.4,26.15,41.1,0.0,29.1,1,-267.573,1.309,522.605
5360.9,26.30,40.2,0.0,29.1,1,-268.528,1.300,523.039
5360.9,26.53,42.3,0.0,28.5,1,-269.953,1.286,523.729
5360.9,26.71,43.0,0.0,28.4,1,-270.900,1.276,524.216
5360.9,26.97,44.1,0.0,29.4,1,-272.314,1.261,524.986
5366.5,27.15,44.2,0.0,30.2,1,-273.251,1.251,525.526
5366.5,27.41,45.8,0.0,31.2,1,-274.648,1.234,526.378
5366.5,27.69,45.8,0.0,34.2,1,-276.032,1.218,527.281
5366.5,27.87,45.3,0.0,37.2,1,-276.945,1.206,527.913
5372.4,28.12,45.7,0.0,41.1,1,-278.298,1.189,528.907
5372.4,28.28,44.5,0.0,42.7,1,-279.187,1.177,529.601
5372.4,28.52,45.0,0.0,44.2,1,-280.499,1.159,530.687
5372.4,28.67,45.4,0.0,45.0,1,-281.358,1.146,531.442
5378.5,28.90,44.2,0.0,46.2,1,-282.620,1.125,532.620
5378.5,29.03,44.7,0.0,46.3,1,-283.443,1.111,533.435
5378.5,29.25,43.5,0.0,44.4,1,-284.646,1.090,534.704
5378.5,29.40,45.5,0.0,43.2,1,-285.426,1.076,535.579
5385.2,29.62,44.7,0.0,42.0,1,-286.561,1.056,536.937
5385.2,29.76,44.2,0.0,41.3,1,-287.295,1.042,537.870
5385.2,29.97,44.0,0.0,40.2,1,-288.358,1.022,539.312
5391.7,30.19,44.3,0.0,38.9,1,-289.376,1.001,540.801
5391.7,30.32,43.1,0.0,38.2,1,-290.029,0.987,541.819
5391.7,30.52,44.6,0.0,40.5,1,-290.969,0.964,543.383
5391.7,30.64,45.0,0.0,40.5,1,-291.568,0.949,544.450
5398.3,30.85,45.8,0.0,37.2,1,-292.422,0.927,546.084
5398.3,30.98,46.8,0.0,36.1,1,-292.962,0.913,547.196
5398.3,31.22,47.5,0.0,31.3,1,-293.727,0.892,548.897
5398.3,31.36,49.7,0.0,28.0,1,-294.207,0.878,550.053
5405.8,31.60,49.7,0.0,23.0,1,-294.880,0.857,551.816
5405.8,31.77,49.1,0.0,17.8,1,-295.300,0.842,553.011
5405.8,32.06,54.7,0.0,13.4,1,-295.885,0.819,554.833
5405.8,32.27,61.3,0.0,16.9,1,-296.244,0.805,556.068
5412.8,32.63,51.3,0.0,14.4,1,-296.738,0.786,557.949
5412.8,32.78,42.4,0.0,17.2,1,-297.178,0.768,559.862
5412.8,33.02,76.2,0.0,18.8,1,-297.444,0.756,561.149
5412.8,33.39,0.0,0.0,17.8,0,-297.810,0.738,563.109
5420.5,33.41,80.5,0.0,17.0,2,-298.030,0.726,564.426
5420.5,33.90,82.4,0.0,15.1,2,-298.322,0.710,566.423
5420.5,34.24,82.9,0.0,14.2,2,-298.494,0.701,567.774
5420.5,34.76,77.5,0.0,14.1,2,-298.720,0.687,569.831
5427.7,35.05,74.5,0.0,14.9,2,-298.848,0.680,571.221
5427.7,35.50,71.9,0.0,14.6,2,-299.005,0.669,573.330
5427.7,35.78,77.6,0.0,17.7,2,-299.085,0.662,574.753
5427.7,36.27,85.7,0.0,25.3,2,-299.165,0.656,576.911
5435.3,36.60,85.8,0.0,32.0,2,-299.190,0.652,578.368
5435.3,37.04,86.1,0.0,32.5,2,-299.177,0.648,580.577
5435.3,37.26,49.8,0.0,21.4,2,-299.132,0.646,582.062
5435.3,37.47,57.8,0.0,9.4,2,-299.007,0.642,584.300
5442.8,37.71,56.1,0.0,-0.8,2,-298.816,0.638,586.547
5442.8,37.88,63.1,0.0,-1.6,2,-298.653,0.634,588.049
5442.8,38.27,80.8,0.0,1.2,2,-298.358,0.626,590.314
5442.8,38.58,86.0,0.0,5.6,2,-298.128,0.621,591.833
5450.4,39.07,86.6,0.0,11.8,2,-297.733,0.611,594.127
5450.4,39.41,86.6,0.0,15.7,2,-297.436,0.603,595.668
5450.4,39.88,86.7,0.0,19.3,2,-296.943,0.589,597.994
5450.4,40.17,86.9,0.0,18.3,2,-296.580,0.579,599.552
5458.3,40.64,86.9,0.0,15.8,2,-295.986,0.562,601.902
5458.3,40.92,87.1,0.0,12.6,0,-295.555,0.549,603.474
5458.3,40.93,84.9,0.0,8.2,3,-294.863,0.526,605.830
5458.3,41.20,85.2,0.0,5.7,3,-294.368,0.510,607.396
5466.4,41.65,85.2,0.0,3.5,3,-293.579,0.486,609.751
5466.4,41.94,85.3,0.0,4.1,3,-293.023,0.469,611.326
5466.4,42.38,85.4,0.0,5.3,3,-292.151,0.444,613.700
5466.4,42.83,85.5,0.0,6.3,3,-291.242,0.416,616.088
5474.8,43.12,85.6,0.0,6.4,3,-290.615,0.396,617.688
5474.8,43.55,85.7,0.0,6.0,3,-289.647,0.366,620.100
5474.8,43.84,85.8,0.0,5.1,3,-288.983,0.344,621.716
5474.8,44.28,85.9,0.0,3.4,3,-287.956,0.308,624.151
5483.5,44.58,85.9,0.0,3.8,3,-287.253,0.284,625.783
5483.5,45.00,86.1,0.0,6.1,3,-286.168,0.248,628.241
5483.5,45.29,86.1,0.0,7.2,3,-285.426,0.223,629.886
5483.5,45.71,86.2,0.0,4.6,3,-284.284,0.185,632.364
5492.5,45.99,86.3,0.0,1.6,3,-283.501,0.158,634.021
5492.5,46.41,86.5,0.0,1.8,3,-282.299,0.118,636.518
5492.5,46.68,86.7,0.0,1.6,3,-281.481,0.091,638.190
5492.5,47.10,86.8,0.0,2.4,3,-280.232,0.055,640.709
5501.8,47.38,86.8,0.0,3.5,3,-279.386,0.033,642.398
5501.8,47.57,0.0,0.0,4.0,0,-278.102,-0.001,644.938
5501.8,47.56,85.0,0.0,4.2,4,-277.236,-0.026,646.631
5501.8,47.89,85.5,0.0,4.4,4,-275.916,-0.064,649.173
5511.3,48.27,85.4,0.0,2.4,4,-274.566,-0.101,651.722
5511.3,48.50,85.5,0.0,2.4,4,-273.648,-0.122,653.425
5511.3,48.85,85.7,0.0,2.4,4,-272.247,-0.148,655.987
5511.3,49.08,85.9,0.0,2.5,4,-271.300,-0.164,657.700
5521.0,49.42,86.0,0.0,2.7,4,-269.859,-0.186,660.280
5521.0,49.67,86.2,0.0,3.1,4,-268.887,-0.199,662.006
5521.0,50.01,86.3,0.0,3.3,4,-267.407,-0.217,664.603
5521.0,50.23,86.4,0.0,3.5,4,-266.406,-0.228,666.339
5530.9,50.57,86.6,0.0,3.9,4,-264.882,-0.243,668.950
5530.9,50.80,86.7,0.0,4.2,4,-263.851,-0.253,670.695
5530.9,51.13,86.9,0.0,4.1,4,-262.280,-0.267,673.318
5530.9,51.36,87.0,0.0,4.0,4,-261.216,-0.275,675.070
5541.1,51.69,87.2,0.0,4.3,4,-259.593,-0.286,677.700
5541.1,51.91,87.2,0.0,4.4,4,-258.494,-0.292,679.456
5541.1,52.23,87.4,0.0,3.5,4,-256.817,-0.299,682.092
5551.5,52.57,87.6,0.0,2.9,4,-255.109,-0.306,684.731
5551.5,52.79,87.7,0.0,3.4,4,-253.954,-0.311,686.493
5551.5,53.11,87.8,0.0,1.7,4,-252.197,-0.318,689.138
5551.5,53.34,87.9,0.0,0.0,4,-251.010,-0.323,690.906
5562.0,53.66,88.1,0.0,-1.2,4,-249.212,-0.330,693.564
5562.0,53.88,88.1,0.0,-1.7,4,-248.005,-0.335,695.343
5562.0,54.20,88.3,0.0,-0.8,4,-246.185,-0.346,698.026
5562.0,54.42,88.3,0.0,0.6,4,-244.968,-0.353,699.825
5572.8,54.74,88.5,0.0,1.1,4,-243.136,-0.363,702.538
5572.8,54.94,88.6,0.0,0.8,4,-241.909,-0.369,704.356
5572.8,55.25,88.7,0.0,1.9,4,-240.060,-0.377,707.096
5572.8,55.46,88.8,0.0,1.9,4,-238.819,-0.381,708.930
5583.9,55.77,88.9,0.0,2.8,4,-236.944,-0.387,711.690
5583.9,56.08,89.0,0.0,2.7,4,-235.049,-0.393,714.458
5583.9,56.28,89.1,0.0,3.7,4,-233.772,-0.397,716.307
5583.9,56.58,89.2,0.0,4.4,4,-231.835,-0.401,719.083
5595.3,56.77,89.3,0.0,3.8,4,-230.527,-0.403,720.935
5595.3,57.07,89.4,0.0,7.4,4,-228.538,-0.404,723.710
5595.3,57.25,89.5,0.0,9.3,4,-227.192,-0.405,725.558
5595.3,57.53,89.6,0.0,9.6,4,-225.136,-0.405,728.319
5606.9,57.70,89.7,0.0,9.1,4,-223.738,-0.405,730.151
5606.9,57.97,89.8,0.0,6.0,4,-221.599,-0.403,732.883
5606.9,58.14,89.9,0.0,5.5,4,-220.144,-0.400,734.692
5606.9,58.42,90.0,0.0,5.3,4,-217.919,-0.394,737.390
5618.8,58.59,90.0,0.0,6.2,4,-216.410,-0.388,739.177
5618.8,58.85,90.1,0.0,6.4,4,-214.108,-0.375,741.844
5618.8,59.03,90.2,0.0,6.9,4,-212.550,-0.365,743.613
5618.8,59.28,90.3,0.0,6.5,4,-210.177,-0.346,746.252
5631.0,59.53,90.4,0.0,5.4,0,-207.762,-0.325,748.872
5631.0,59.48,0.0,0.0,4.7,0,-206.130,-0.309,750.606
5631.0,59.63,89.1,0.0,3.9,5,-203.656,-0.283,753.180
5631.0,59.78,89.2,0.0,4.2,5,-201.985,-0.265,754.886
5643.1,60.02,89.2,0.0,5.1,5,-199.449,-0.238,757.433
5643.1,60.19,89.3,0.0,5.5,5,-197.739,-0.222,759.122
5643.1,60.42,89.4,0.0,5.4,5,-195.145,-0.199,761.643
5643.1,60.57,89.4,0.0,5.9,5,-193.395,-0.185,763.315
5655.5,60.80,89.5,0.0,6.6,5,-190.742,-0.170,765.808
5655.5,60.96,89.6,0.0,6.4,5,-188.953,-0.165,767.460
5655.5,61.18,89.7,0.0,5.8,5,-186.236,-0.160,769.918
5655.5,61.32,89.7,0.0,5.6,5,-184.403,-0.158,771.543
5667.9,61.55,89.8,0.0,5.4,5,-181.619,-0.153,773.958
5667.9,61.70,89.9,0.0,5.2,5,-179.740,-0.148,775.553
5667.9,61.92,90.0,0.0,5.7,5,-176.890,-0.141,777.925
5667.9,62.07,90.0,0.0,6.0,5,-174.969,-0.137,779.493
5680.6,62.29,90.1,0.0,6.9,5,-172.057,-0.134,781.825
5680.6,62.51,90.2,0.0,7.7,5,-169.109,-0.135,784.131
5680.6,62.65,90.2,0.0,8.5,5,-167.121,-0.139,785.653
5680.6,62.84,90.3,0.0,8.5,5,-164.105,-0.142,787.906
5693.3,62.98,90.4,0.0,8.6,5,-162.071,-0.141,789.387
5693.3,63.17,90.5,0.0,7.5,5,-158.983,-0.137,791.573
5693.3,63.30,90.5,0.0,6.7,5,-156.900,-0.133,793.008
5693.3,63.49,90.6,0.0,5.0,5,-153.744,-0.136,795.130
5706.3,63.61,90.7,0.0,4.3,5,-151.616,-0.135,796.519
5706.3,63.82,90.7,0.0,4.9,5,-148.388,-0.129,798.568
5706.3,63.96,90.8,0.0,5.8,5,-146.215,-0.121,799.911
5706.3,64.14,90.8,0.0,6.4,5,-142.926,-0.111,801.897
5719.4,64.29,90.9,0.0,7.7,5,-140.714,-0.107,803.203
5719.4,64.46,91.0,0.0,8.1,5,-137.368,-0.106,805.131
5719.4,64.58,91.0,0.0,5.7,5,-135.117,-0.105,806.393
5719.4,64.77,91.1,0.0,7.0,5,-131.708,-0.100,808.246
5732.5,64.96,91.1,0.0,8.8,5,-128.264,-0.097,810.056
5732.5,65.08,91.2,0.0,6.6,5,-125.947,-0.096,811.236
5732.5,65.26,91.2,0.0,7.8,5,-122.439,-0.092,812.964
5732.5,65.36,91.3,0.0,9.7,5,-120.080,-0.090,814.087
5745.8,65.55,91.3,0.0,8.4,5,-116.511,-0.086,815.725
5745.8,65.65,91.4,0.0,10.2,5,-114.111,-0.083,816.786
5745.8,65.84,91.4,0.0,10.4,5,-110.483,-0.080,818.332
5745.8,65.95,91.4,0.0,8.7,5,-108.044,-0.079,819.332
5759.2,66.10,91.5,0.0,8.4,5,-104.357,-0.075,820.779
5759.2,66.22,91.5,0.0,9.0,5,-101.880,-0.070,821.709
5759.2,66.38,91.6,0.0,7.3,5,-98.136,-0.062,823.053
5759.2,66.51,91.6,0.0,7.8,5,-95.623,-0.057,823.917
5772.6,66.67,91.7,0.0,8.8,5,-91.829,-0.051,825.165
5772.6,66.83,91.8,0.0,9.2,5,-88.006,-0.047,826.358
5772.6,66.94,91.8,0.0,7.3,5,-85.442,-0.043,827.120
5786.1,67.10,91.8,0.0,6.0,5,-81.573,-0.034,828.215
5786.1,67.21,91.9,0.0,5.5,5,-78.979,-0.028,828.913
5786.1,67.39,91.9,0.0,5.0,5,-75.068,-0.018,829.917
5786.1,67.50,92.0,0.0,5.6,5,-72.449,-0.011,830.559
5799.7,67.67,92.0,0.0,6.0,5,-68.500,-0.001,831.483
5799.7,67.78,92.1,0.0,4.8,5,-65.857,0.007,832.073
5799.7,67.95,92.1,0.0,4.1,5,-61.874,0.020,832.921
5799.7,68.07,92.1,0.0,3.8,5,-59.209,0.029,833.464
5813.2,68.24,92.2,0.0,2.7,5,-55.196,0.045,834.246
5813.2,68.35,92.2,0.0,2.9,5,-52.511,0.056,834.748
5813.2,68.53,92.3,0.0,2.5,5,-48.470,0.073,835.476
5813.2,68.63,92.3,0.0,2.6,5,-45.767,0.086,835.947
5826.9,68.80,92.4,0.0,3.1,5,-41.702,0.109,836.632
5826.9,68.98,92.4,0.0,4.1,5,-37.622,0.133,837.294
5826.9,69.09,92.5,0.0,4.0,5,-34.894,0.149,837.721
5826.9,69.25,92.5,0.0,3.2,5,-30.790,0.171,838.337
5840.7,69.36,92.5,0.0,2.5,5,-28.047,0.187,838.730
5840.7,69.52,92.6,0.0,1.8,5,-23.919,0.212,839.293
5840.7,69.63,92.6,0.0,1.3,5,-21.160,0.230,839.654
5840.7,69.70,0.0,0.0,1.1,0,-17.012,0.259,840.177
5854.6,69.63,91.7,0.0,0.5,6,-14.246,0.277,840.516
5854.6,69.79,91.8,0.0,-0.6,6,-10.094,0.304,841.014
5854.6,69.90,91.8,0.0,-0.7,6,-7.319,0.322,841.341
5854.6,70.05,91.9,0.0,-0.6,6,-3.150,0.351,841.831
-0.6,70.16,91.9,0.0,-0.1,6,-0.366,0.371,842.160
